id,id1,id2,mag1,mag2,seppix
0,488.0,719.0,18.3218002319336,17.6149997711182,0.94382724997779
1,1212.0,1245.0,13.7610998153687,15.3971004486084,2.199063939739329
2,232.0,156.0,20.6082992553711,18.9097003936768,3.243055206704472
3,1347.0,305.0,17.9428005218506,19.7828998565674,1.5402772720584834
4,671.0,1373.0,19.0223007202148,18.5541000366211,1.9290227979122772
5,950.0,796.0,16.2553997039795,16.318000793457,5.918170502845669
6,334.0,1300.0,19.5993995666504,17.8749008178711,3.5291427893243292
7,326.0,1393.0,17.9503993988037,15.9523000717163,4.774703766635273
8,460.0,494.0,18.6532001495361,18.2383003234863,1.923432832866977
9,783.0,1205.0,17.9377994537354,16.2290992736816,3.6141425423621976
10,858.0,355.0,19.343599319458,18.225700378418,1.696074563125449
11,629.0,815.0,16.5687999725342,13.8268003463745,0.735331663241519
12,920.0,1216.0,18.485200881958,15.8388004302979,3.2703129743085544
13,1351.0,831.0,19.1781005859375,20.0422992706299,4.560335156908721
14,1507.0,374.0,18.2201995849609,19.2794990539551,3.213505102068671
15,690.0,99.0,17.0949993133545,17.7532997131348,5.285662227946159
16,1100.0,902.0,18.6350994110107,15.7185001373291,4.009537324075408
17,1216.0,755.0,15.8388004302979,18.7726001739502,3.8909385402041434
18,161.0,828.0,15.6871995925903,18.4081993103027,5.14297486586851
19,45.0,418.0,18.4088001251221,18.4773006439209,2.9178362818534476
20,362.0,601.0,16.4923992156982,18.5618000030518,2.3415465100945885
21,1089.0,1210.0,13.9779996871948,15.3219995498657,3.2713238040415296
22,1237.0,59.0,20.5753002166748,18.2784004211426,1.836023076009336
23,1367.0,800.0,18.5513000488281,16.9122009277344,3.144852039869186
24,1020.0,1514.0,18.3299007415771,19.2710990905762,3.708148984936375
25,1449.0,1466.0,13.878399848938,16.5729999542236,3.5636013672986926
26,1447.0,622.0,17.6443996429443,16.5501003265381,3.230406206458459
27,654.0,1335.0,18.5226001739502,17.5333995819092,2.8377904396988995
28,1331.0,199.0,18.3407001495361,18.766300201416,2.320732090215811
29,716.0,443.0,17.5403995513916,16.4486999511719,4.119725927787457
30,705.0,156.0,17.7360000610352,18.9097003936768,5.1982115029093725
31,651.0,1041.0,13.1183996200562,15.8145999908447,2.635822147298123
32,130.0,685.0,17.5212993621826,18.150899887085,2.460218614292146
33,757.0,98.0,18.7217998504639,17.9736995697021,2.139142320538394
34,1497.0,1250.0,18.4811992645264,20.3386001586914,1.3529966346767683
35,435.0,1135.0,18.2653999328613,19.141300201416,1.767357432249576
36,149.0,1.0,18.7248992919922,16.4965000152588,1.852408191651017
37,1241.0,626.0,16.7406005859375,18.5083999633789,4.291073744628558
38,20.0,978.0,13.6400003433228,15.0037002563477,4.376815697461576
39,1317.0,823.0,16.8698997497559,14.8246002197266,3.796291911889439
40,75.0,1259.0,16.3612003326416,19.0102996826172,0.7295977694060527
41,1352.0,1383.0,19.0802001953125,19.3311004638672,3.1380648282531105
42,919.0,660.0,19.8696002960205,18.0774002075195,4.7078921098998
43,937.0,135.0,17.2674999237061,18.3985996246338,5.200405333284091
44,1020.0,1084.0,18.3299007415771,15.6596002578735,1.9282740567269527
45,290.0,784.0,19.0573997497559,17.8264999389648,4.109189786661924
46,1138.0,1304.0,16.3171005249023,15.5495004653931,3.964359869193326
47,85.0,1003.0,19.6317005157471,19.1634006500244,3.2544900488548607
48,219.0,864.0,18.1833000183105,20.8528995513916,3.6760483912567112
49,1477.0,201.0,18.2686004638672,18.2738990783691,3.8200243285377233
50,785.0,1477.0,19.0541000366211,18.2686004638672,4.271861855753044
51,675.0,1505.0,18.3878993988037,19.7332000732422,3.071849565617073
52,979.0,841.0,20.4379005432129,18.7894992828369,5.148320028388783
53,834.0,796.0,17.055700302124,16.318000793457,3.1773769525687796
54,336.0,329.0,16.5303001403809,17.9636993408203,0.5494109310040812
55,834.0,978.0,17.055700302124,15.0037002563477,5.397018400315126
56,1276.0,33.0,17.2772998809814,18.9270000457764,4.480043738061593
57,1512.0,261.0,15.5431995391846,17.9430999755859,2.571528853950221
58,38.0,1493.0,21.3763008117676,20.9993991851807,1.6615217098262323
59,137.0,1413.0,17.6469993591309,16.4230995178223,1.9473730453323526
60,43.0,715.0,16.9934997558594,17.6595993041992,4.884933545910557
61,431.0,508.0,17.4176998138428,20.3843002319336,1.4239226611415123
62,419.0,664.0,14.8790998458862,17.5515995025635,3.827837523093731
63,1222.0,1227.0,18.3726997375488,16.5639991760254,3.7864993783970657
64,68.0,963.0,17.5214996337891,17.7497997283936,3.1768966499847027
65,1.0,1421.0,16.4965000152588,19.1648998260498,3.254438911806387
66,300.0,577.0,18.9997005462646,21.3668994903564,3.7014023027858687
67,654.0,1412.0,18.5226001739502,16.2863998413086,1.6416224729656315
68,928.0,26.0,16.1168003082275,17.4514999389648,1.733313089513889
69,1421.0,1202.0,19.1648998260498,17.3346996307373,2.7973842078277342
70,1067.0,905.0,20.57200050354,18.4022006988525,2.3916982908126494
71,974.0,159.0,16.8129005432129,16.2938003540039,3.3949542567111464
72,757.0,356.0,18.7217998504639,18.3218002319336,4.564251370165568
73,640.0,530.0,17.9178009033203,18.0265007019043,2.3825390153038732
74,1389.0,1506.0,18.819299697876,18.1394004821777,3.7598958123005874
75,333.0,510.0,19.6005992889404,20.5118999481201,3.928040363491469
76,790.0,803.0,18.5463008880615,18.9459991455078,2.4473422551647803
77,978.0,753.0,15.0037002563477,15.707799911499,2.7884315641596102
78,1116.0,605.0,18.4790992736816,17.6781997680664,2.9005264737469796
79,284.0,939.0,21.2318000793457,19.3379001617432,1.5461439275445261
80,771.0,127.0,17.7707996368408,16.0025997161865,1.8831891282758881
81,303.0,231.0,19.7721004486084,20.5415992736816,2.2779074459057136
82,925.0,402.0,14.9238004684448,16.7029991149902,4.821208687856883
83,1445.0,910.0,18.4472999572754,20.0090999603271,2.3286290844385857
84,1193.0,657.0,16.1095008850098,15.6944999694824,3.9291479171769716
85,52.0,23.0,16.6392002105713,15.4039001464844,1.2657756642300857
86,420.0,1317.0,14.8206996917725,16.8698997497559,0.10869004470633663
87,931.0,152.0,19.0312004089355,17.7565994262695,3.7061255723851865
88,810.0,801.0,19.2709007263184,18.9524993896484,3.270194418683628
89,194.0,1179.0,16.7110996246338,18.6411991119385,4.739842067061929
90,768.0,891.0,18.9242992401123,20.9747009277344,3.4952818822522222
91,1184.0,604.0,14.8607997894287,17.5881996154785,2.8616013978039923
92,865.0,669.0,20.8542995452881,20.5935001373291,3.4975335880217644
93,1143.0,695.0,19.6401996612549,18.0813999176025,4.216700241538116
94,1163.0,1284.0,18.4473991394043,20.6662998199463,1.9295479606098687
95,866.0,130.0,19.1429996490479,17.5212993621826,1.0307278395624402
96,219.0,993.0,18.1833000183105,16.3936996459961,2.731606241457058
97,1218.0,27.0,16.3211994171143,17.3658008575439,0.8451935680632414
98,1299.0,767.0,19.1723003387451,18.7933006286621,2.0963017212866415
99,572.0,1151.0,16.9682006835938,18.8302993774414,3.8035278301393984
100,232.0,1082.0,20.6082992553711,17.6502990722656,2.2065609806758473
101,209.0,213.0,20.4871997833252,20.1730003356934,4.555103593987332
102,911.0,326.0,20.0070991516113,17.9503993988037,5.39102206073976
103,442.0,990.0,16.4356002807617,18.4624004364014,2.802465912385706
104,98.0,1158.0,17.9736995697021,18.9127006530762,1.0038294998138655
105,175.0,766.0,17.2938003540039,18.9451999664307,3.5597661550054216
106,1233.0,989.0,17.8187999725342,18.6765003204346,3.2955725083084015
107,840.0,803.0,20.5149993896484,18.9459991455078,4.286656992694849
108,617.0,616.0,16.8213996887207,17.2504997253418,3.708911630094837
109,1319.0,516.0,19.6172008514404,17.3591995239258,2.9859493920961993
110,968.0,481.0,18.5914993286133,19.4582996368408,4.004581066313248
111,511.0,344.0,20.4573001861572,18.3535003662109,2.4832355809713573
112,34.0,59.0,18.6714000701904,18.2784004211426,2.7965638583608396
113,495.0,1159.0,21.0372009277344,18.9099006652832,3.9976010557041133
114,671.0,158.0,19.0223007202148,17.8034000396729,3.489915094332789
115,1001.0,88.0,18.8094005584717,18.0431003570557,4.294464283426153
116,282.0,560.0,16.7506008148193,18.1089000701904,1.9358160888683655
117,65.0,286.0,20.2401008605957,19.4244003295898,4.622377123246523
118,783.0,990.0,17.9377994537354,18.4624004364014,4.352711916221948
119,884.0,425.0,18.4011001586914,18.1762008666992,2.738063995988527
120,375.0,58.0,19.4008007049561,19.05419921875,3.580367382049018
121,124.0,774.0,18.6159000396729,19.5300006866455,3.794407740006041
122,743.0,415.0,19.8400001525879,16.9843006134033,4.582247041760429
123,181.0,932.0,19.4871006011963,19.0181007385254,2.4585049307283313
124,1279.0,1189.0,21.1693000793457,19.7724990844727,3.405798282504513
125,437.0,760.0,19.5174999237061,19.4071998596191,3.788422262825238
126,1395.0,1000.0,18.9113998413086,17.3838005065918,2.90734516436017
127,105.0,837.0,17.0270004272461,15.8870000839233,3.1378431880152493
128,1056.0,128.0,15.5703001022339,15.8843002319336,3.3914986484285765
129,31.0,102.0,17.5848999023438,17.8362998962402,2.125405442807174
130,1472.0,586.0,21.0928993225098,19.850700378418,4.301079926242762
131,611.0,910.0,19.3764991760254,20.0090999603271,1.58826278606925
132,119.0,1434.0,15.9729995727539,18.3789005279541,1.9389321318036876
133,318.0,1479.0,17.5076999664307,17.9361991882324,2.032993141560439
134,530.0,181.0,18.0265007019043,19.4871006011963,3.330858958994204
135,378.0,918.0,18.4309997558594,19.8971996307373,4.256479569260604
136,674.0,976.0,18.5007991790771,16.4937992095947,2.5830374777526104
137,1082.0,622.0,17.6502990722656,16.5501003265381,2.3302412051097074
138,1251.0,1003.0,17.4195003509521,19.1634006500244,3.4802486792149345
139,486.0,912.0,18.3540992736816,18.1546993255615,2.4346063344418893
140,218.0,1352.0,18.2255001068115,19.0802001953125,3.071407098297648
141,1334.0,1280.0,17.3617992401123,20.2359008789063,5.841608479195857
142,930.0,1377.0,16.1835994720459,18.4988994598389,2.2982396855240936
143,889.0,1197.0,14.2547998428345,17.1170997619629,1.3555166048215754
144,788.0,981.0,16.2035999298096,18.199800491333,0.25705588952616015
145,123.0,654.0,18.6170997619629,18.5226001739502,2.573045447054173
146,1143.0,1443.0,19.6401996612549,20.3118991851807,2.0390329972689973
147,734.0,916.0,15.5437002182007,17.9209003448486,3.291410882014626
148,1504.0,1236.0,19.7215995788574,18.5165004730225,2.1767235150303943
149,1358.0,317.0,20.252799987793,17.6140003204346,2.1042305657853757
150,1053.0,599.0,16.171199798584,18.5585994720459,3.730806600556628
151,265.0,805.0,18.3579998016357,15.6680002212524,2.4869445564963084
152,425.0,653.0,18.1762008666992,18.3087005615234,1.0453629005978073
153,687.0,753.0,16.2360992431641,15.707799911499,4.904910451083921
154,788.0,330.0,16.2035999298096,17.960599899292,0.2513449605541769
155,391.0,1283.0,17.9783992767334,20.9776000976563,2.5174220216845957
156,630.0,1478.0,16.6839008331299,18.1697006225586,2.843264154027816
157,1515.0,402.0,19.3015003204346,16.7029991149902,3.870924472621796
158,1018.0,19.0,19.2880001068115,16.9143009185791,4.56257579854524
159,803.0,1353.0,18.9459991455078,19.5846996307373,1.4721590884439637
160,164.0,246.0,18.0683994293213,16.5111999511719,1.6439550204125293
161,196.0,1393.0,17.8230991363525,15.9523000717163,3.8871394006540427
162,788.0,519.0,16.2035999298096,18.8087005615234,3.775440597038823
163,250.0,1133.0,17.9141998291016,17.7115001678467,3.0330027738922305
164,573.0,196.0,16.9480991363525,17.8230991363525,0.5593097605000519
165,1216.0,206.0,15.8388004302979,16.4125995635986,1.6008432338789442
166,331.0,425.0,19.6149997711182,18.1762008666992,5.129772447622208
167,476.0,12.0,17.9185009002686,17.9708995819092,2.377904516192663
168,1484.0,172.0,17.4603004455566,20.081600189209,2.531469023421602
169,438.0,355.0,20.890100479126,18.225700378418,4.075036586901589
170,1475.0,785.0,18.7847003936768,19.0541000366211,3.0141620501079167
171,1231.0,1399.0,16.6219005584717,18.8190994262695,4.273851545536862
172,600.0,698.0,18.6266002655029,17.8917999267578,3.738155651597229
173,584.0,822.0,17.5524997711182,19.2565002441406,2.030131426578141
174,137.0,792.0,17.6469993591309,19.0997009277344,5.664642065827039
175,1031.0,789.0,18.9685001373291,18.5606002807617,5.066782883681019
176,825.0,887.0,14.7243003845215,16.3745002746582,4.199309064467564
177,1116.0,1021.0,18.4790992736816,16.9204006195068,3.982870539276131
178,3.0,1085.0,17.5890007019043,18.6923007965088,5.780058630827451
179,45.0,222.0,18.4088001251221,20.1611995697021,3.755154351253584
180,1169.0,1137.0,18.5683002471924,17.3512001037598,4.9018513463896065
181,282.0,514.0,16.7506008148193,14.6267004013062,2.9641242914473294
182,1244.0,166.0,17.4001007080078,17.5797004699707,0.7817765521329636
183,560.0,394.0,18.1089000701904,19.0914993286133,2.3551835498909335
184,246.0,248.0,16.5111999511719,18.0048007965088,3.781268638199702
185,162.0,746.0,15.5708999633789,17.5093002319336,0.7489747490865749
186,1501.0,464.0,17.4001998901367,19.1254005432129,2.082763282018652
187,1383.0,998.0,19.3311004638672,17.8211002349854,2.5104938064486686
188,1355.0,199.0,19.6870994567871,18.766300201416,3.7684196653150854
189,1063.0,197.0,18.2024993896484,19.2784004211426,3.28839414980936
190,286.0,37.0,19.4244003295898,21.3066005706787,3.4989976147796398
191,875.0,1296.0,17.7605991363525,18.3855991363525,2.6949641744025086
192,301.0,474.0,19.7640991210938,17.9316997528076,1.5333537992248765
193,438.0,184.0,20.890100479126,18.0167007446289,4.110627863078691
194,1239.0,486.0,19.1121997833252,18.3540992736816,3.901504645688512
195,243.0,237.0,17.9939994812012,17.3283996582031,4.078418348432188
196,1140.0,1359.0,16.2971000671387,15.8474998474121,3.1611611393507215
197,1090.0,1022.0,19.3337993621826,16.8773994445801,3.252764568639311
198,608.0,1221.0,19.4901008605957,19.2838001251221,2.864488872702444
199,747.0,330.0,15.9567003250122,17.960599899292,3.984303457356037
200,705.0,659.0,17.7360000610352,17.9575996398926,2.5491318128451863
201,419.0,535.0,14.8790998458862,17.078800201416,1.0998773236090225
202,1221.0,920.0,19.2838001251221,18.485200881958,0.9987472539085426
203,988.0,1433.0,20.5627002716064,18.5027008056641,2.1270220102968866
204,816.0,1129.0,13.8303003311157,16.0611991882324,3.5126146527414956
205,1057.0,1487.0,17.2625007629395,18.6566009521484,2.644109834594592
206,1249.0,1151.0,20.3083000183105,18.8302993774414,1.7491969158342546
207,974.0,1027.0,16.8129005432129,18.4592990875244,3.48770828840711
208,1415.0,1447.0,19.9437007904053,17.6443996429443,3.022125048433712
209,1380.0,511.0,20.9256000518799,20.4573001861572,3.684534022278604
210,687.0,698.0,16.2360992431641,17.8917999267578,4.831698657227277
211,865.0,785.0,20.8542995452881,19.0541000366211,1.7194197329162448
212,761.0,755.0,19.3948001861572,18.7726001739502,1.300133519331276
213,238.0,691.0,17.2108001708984,20.069299697876,2.3866623252456654
214,794.0,1456.0,17.843900680542,19.1427993774414,2.0412010821918223
215,588.0,1119.0,19.6798000335693,20.7401008605957,3.1386918175682137
216,1184.0,81.0,14.8607997894287,17.0970993041992,1.2788742307958798
217,1461.0,944.0,19.4449996948242,18.5174007415771,3.175584464247665
218,263.0,940.0,18.7807998657227,19.2630004882813,2.636912967300261
219,530.0,923.0,18.0265007019043,17.4988994598389,5.288849929587635
220,1423.0,118.0,14.0272998809814,16.9731998443604,2.5232967497118186
221,671.0,72.0,19.0223007202148,20.3775997161865,3.6417979478254496
222,1179.0,1095.0,18.6411991119385,21.30419921875,1.157741744297593
223,1358.0,1121.0,20.252799987793,17.6208992004395,3.111329350499735
224,210.0,439.0,20.479700088501,20.9673004150391,0.7866040694837517
225,1348.0,467.0,18.0114002227783,19.5704002380371,3.820048571669745
226,23.0,1476.0,15.4039001464844,18.0713996887207,3.500130588541972
227,529.0,116.0,19.2140998840332,20.8227996826172,2.9906554690428604
228,232.0,1476.0,20.6082992553711,18.0713996887207,4.462546323265295
229,977.0,336.0,14.9193000793457,16.5303001403809,3.5695518591276283
230,439.0,170.0,20.9673004150391,19.6833000183105,3.5159791564126044
231,226.0,677.0,18.1984996795654,16.7560005187988,1.3362890496214608
232,980.0,299.0,20.4505004882813,19.0492992401123,2.8033351143739447
233,217.0,158.0,15.9783000946045,17.8034000396729,4.644390115367515
234,1071.0,874.0,19.550500869751,17.8651008605957,4.490111686290683
235,96.0,602.0,15.3241996765137,17.4023990631104,2.506896330344325
236,1395.0,677.0,18.9113998413086,16.7560005187988,2.5077058497677864
237,1094.0,1237.0,21.31369972229,20.5753002166748,2.0122728239824554
238,1168.0,668.0,18.6951007843018,20.5877990722656,2.315739597460519
239,514.0,1265.0,14.6267004013062,14.9100999832153,1.5713323199344793
240,1067.0,1400.0,20.57200050354,18.8243999481201,3.5837494438282254
241,316.0,595.0,19.7754001617432,17.109899520874,1.1208068919098726
242,1325.0,1064.0,17.599100112915,18.1991996765137,4.580274106899521
243,999.0,248.0,17.3829002380371,18.0048007965088,1.4734269242696258
244,267.0,1161.0,17.9493999481201,16.2152996063232,5.289085282897134
245,1174.0,644.0,17.5454006195068,17.0606002807617,4.040976911495784
246,412.0,1231.0,18.8412990570068,16.6219005584717,3.500170031089898
247,834.0,853.0,17.055700302124,18.4230003356934,2.842538816441906
248,1335.0,235.0,17.5333995819092,16.0849990844727,3.809845639106892
249,570.0,139.0,17.0307006835938,19.3847999572754,3.81094619305292
250,1167.0,1511.0,20.0200996398926,18.4507999420166,2.3470616807373665
251,883.0,617.0,14.1044998168945,16.8213996887207,0.4088748538800928
252,936.0,976.0,19.4500999450684,16.4937992095947,3.465050954266784
253,457.0,1057.0,15.6332998275757,17.2625007629395,3.2947227566191337
254,159.0,765.0,16.2938003540039,18.8253002166748,2.3562416789048064
255,304.0,1102.0,19.7532005310059,18.6014995574951,3.938475937710808
256,902.0,1344.0,15.7185001373291,18.3055992126465,4.976903494322401
257,1460.0,221.0,19.4421005249023,17.6336994171143,4.076684028055312
258,522.0,590.0,19.3318004608154,19.0762996673584,4.895044196831848
259,1410.0,1053.0,18.6515007019043,16.171199798584,3.0608141281643926
260,80.0,1044.0,19.0711002349854,19.2486000061035,4.292199618759123
261,380.0,1250.0,18.4074993133545,20.3386001586914,5.378999675683861
262,477.0,176.0,17.9274005889893,20.7450008392334,2.389424499118228
263,1075.0,978.0,14.2215003967285,15.0037002563477,4.024941698683903
264,1333.0,402.0,18.1354007720947,16.7029991149902,3.769211088743709
265,1016.0,1242.0,14.4219999313354,16.7446994781494,1.5035714762327335
266,943.0,251.0,18.5401992797852,18.7998008728027,3.1521752052890504
267,219.0,796.0,18.1833000183105,16.318000793457,2.364952960680119
268,381.0,35.0,19.2546997070313,19.378999710083,0.2777522528996689
269,1017.0,1379.0,19.2889995574951,17.2129993438721,1.6785580907558808
270,124.0,1451.0,18.6159000396729,18.3050003051758,4.244647976068176
271,716.0,457.0,17.5403995513916,15.6332998275757,1.847919123691699
272,654.0,919.0,18.5226001739502,19.8696002960205,1.6993660855262562
273,647.0,602.0,19.8743000030518,17.4023990631104,3.6024347180626823
274,399.0,208.0,13.9902000427246,16.260799407959,4.025338011406502
275,1481.0,513.0,19.364200592041,17.6896991729736,3.0302500835658006
276,68.0,146.0,17.5214996337891,19.3369998931885,2.5327923789012554
277,1236.0,1084.0,18.5165004730225,15.6596002578735,2.618826909146725
278,303.0,1069.0,19.7721004486084,18.3673000335693,4.133917041255163
279,659.0,82.0,17.9575996398926,17.0324001312256,1.373193722924096
280,982.0,161.0,18.1285991668701,15.6871995925903,4.046663932317563
281,1228.0,1194.0,17.4197006225586,16.1933994293213,1.304071919925645
282,1124.0,1191.0,19.6061992645264,17.1030006408691,1.2653215514331266
283,1076.0,1330.0,20.4731998443604,18.233699798584,0.33053210995063037
284,1079.0,360.0,16.5153999328613,19.5011005401611,4.357764157350673
285,924.0,223.0,17.6229991912842,17.2637996673584,4.276890221589335
286,1366.0,428.0,18.9416999816895,17.507999420166,2.915174781786859
287,208.0,1412.0,16.260799407959,16.2863998413086,3.5953914449265345
288,1170.0,1347.0,18.2488994598389,17.9428005218506,4.531114057844056
289,616.0,1287.0,17.2504997253418,19.6945991516113,4.09018991668771
290,240.0,817.0,17.8516006469727,17.4598999023438,3.5135095553954465
291,519.0,1017.0,18.8087005615234,19.2889995574951,3.196552522796856
292,1424.0,834.0,14.3809003829956,17.055700302124,1.2800557418509686
293,915.0,390.0,16.6576995849609,17.9797992706299,2.6141983061622454
294,187.0,139.0,16.9650993347168,19.3847999572754,2.280732843547659
295,1509.0,907.0,19.2099990844727,18.5522994995117,1.346171972713957
296,266.0,681.0,18.369499206543,18.6291007995605,2.1246248271289274
297,774.0,1192.0,19.5300006866455,17.0177993774414,5.5589070154768105
298,1294.0,1183.0,18.069299697876,17.9351997375488,4.947403383659437
299,626.0,333.0,18.5083999633789,19.6005992889404,3.9266350862543513
300,1228.0,786.0,17.4197006225586,19.1566009521484,3.6855017622218194
301,851.0,1102.0,20.840799331665,18.6014995574951,1.8225566388150964
302,38.0,1248.0,21.3763008117676,19.1018009185791,1.7054863069385677
303,1399.0,949.0,18.8190994262695,16.2761993408203,3.3072904731831163
304,525.0,382.0,19.3141002655029,19.2516002655029,2.233104842997911
305,957.0,307.0,17.8962001800537,17.7439002990723,5.282303414566995
306,1289.0,913.0,15.6823997497559,18.2262992858887,3.9914119745157963
307,881.0,334.0,18.9094009399414,19.5993995666504,4.0395892068095
308,807.0,95.0,16.0716991424561,14.8831996917725,2.8410383056759207
309,1240.0,1271.0,19.3540992736816,17.9771003723145,2.2295477600257274
310,519.0,158.0,18.8087005615234,17.8034000396729,2.1611149696005065
311,838.0,598.0,16.2350006103516,18.7870006561279,2.0619041471076747
312,601.0,313.0,18.5618000030518,19.7968006134033,3.798232357797749
313,1220.0,1319.0,19.4528999328613,19.6172008514404,3.5206009834551013
314,608.0,1331.0,19.4901008605957,18.3407001495361,4.083762018284614
315,41.0,1222.0,19.6734008789063,18.3726997375488,4.297823599236814
316,698.0,1017.0,17.8917999267578,19.2889995574951,1.436160273738489
317,643.0,1209.0,17.0578002929688,15.4046001434326,1.6756052088561981
318,1447.0,745.0,17.6443996429443,17.505500793457,4.640759297442036
319,844.0,830.0,17.1303997039795,19.6648006439209,5.015651015458496
320,188.0,1040.0,18.9424991607666,17.4801998138428,3.04716648975637
321,1274.0,1017.0,21.1679000854492,19.2889995574951,2.651282716040118
322,68.0,422.0,17.5214996337891,15.0184001922607,4.580900400892203
323,1054.0,733.0,16.1420001983643,15.5025997161865,4.39098301348522
324,361.0,72.0,19.4083003997803,20.3775997161865,2.813657706277522
325,1522.0,235.0,13.3951997756958,16.0849990844727,1.9009161559233057
326,651.0,1425.0,13.1183996200562,14.3683996200562,1.4573675447003402
327,1029.0,252.0,19.3250007629395,18.9249992370605,0.7672955326945283
328,1158.0,99.0,18.9127006530762,17.7532997131348,1.9932042506944518
329,166.0,106.0,17.5797004699707,17.0389995574951,5.218173496179519
330,605.0,1319.0,17.6781997680664,19.6172008514404,4.929361777112411
331,1343.0,1406.0,18.3054008483887,18.0331993103027,5.5272536259478295
332,1204.0,192.0,19.9822998046875,19.109899520874,4.053403742961931
333,1115.0,1365.0,18.5779991149902,19.0407009124756,3.354430190961222
334,353.0,691.0,18.1089992523193,20.069299697876,4.164895030740006
335,1105.0,560.0,19.1432991027832,18.1089000701904,0.9211599717505332
336,1213.0,258.0,13.6702995300293,14.7847003936768,0.5267626939790724
337,354.0,1190.0,18.1359004974365,17.0097999572754,3.9132952017280846
338,692.0,1400.0,19.7978992462158,18.8243999481201,2.6479747260770266
339,142.0,1228.0,19.2127990722656,17.4197006225586,5.128176438648722
340,708.0,1528.0,14.0356998443604,15.2762002944946,1.3561876358239058
341,877.0,1335.0,18.9221000671387,17.5333995819092,3.4859599822212584
342,1239.0,739.0,19.1121997833252,17.0421009063721,1.4391943452266367
343,1475.0,311.0,18.7847003936768,17.736499786377,3.163996935079899
344,1190.0,721.0,17.0097999572754,19.7318992614746,3.072829796662883
345,1472.0,1030.0,21.0928993225098,19.3265991210938,3.3017651237992816
346,1248.0,10.0,19.1018009185791,18.7430000305176,4.948333508878269
347,169.0,300.0,16.4496002197266,18.9997005462646,2.661702204548681
348,640.0,682.0,17.9178009033203,18.6201992034912,2.586185745578063
349,103.0,1169.0,17.721700668335,18.5683002471924,3.2338442874314555
350,739.0,1104.0,17.0421009063721,18.8936996459961,3.0946485986490453
351,152.0,742.0,17.7565994262695,16.9521999359131,3.6274659185174287
352,467.0,1488.0,19.5704002380371,18.7329006195068,4.139876077180574
353,303.0,140.0,19.7721004486084,19.3934993743896,0.8653910858736884
354,402.0,1035.0,16.7029991149902,18.9186000823975,4.606007129269244
355,29.0,847.0,13.967399597168,14.7896995544434,3.6475347605947355
356,461.0,890.0,19.1240005493164,20.9655990600586,2.9449331653892656
357,1305.0,703.0,15.5483999252319,18.3311996459961,3.4212101002298994
358,1323.0,874.0,18.1858005523682,17.8651008605957,4.547599251413853
359,1106.0,221.0,19.0049991607666,17.6336994171143,2.0819813724449556
360,636.0,51.0,14.7897996902466,16.5216999053955,3.5426667456103718
361,472.0,1529.0,14.6779003143311,15.1721000671387,3.4577250543942415
362,1121.0,258.0,17.6208992004395,14.7847003936768,3.4863430339852757
363,1201.0,852.0,17.4053993225098,18.423900604248,1.57497379844015
364,1180.0,288.0,18.7600994110107,17.431999206543,4.566894157696569
365,470.0,1080.0,14.7177000045776,16.6273994445801,3.536430581449297
366,111.0,48.0,16.6592998504639,16.5265007019043,4.116799180385109
367,519.0,67.0,18.8087005615234,17.5104007720947,0.523468087345653
368,1381.0,1186.0,17.6058006286621,19.6812992095947,2.7875791277751514
369,1114.0,1373.0,18.488000869751,18.5541000366211,2.8421799574494484
370,1106.0,1350.0,19.0049991607666,20.1737003326416,3.6227399241619795
371,591.0,474.0,19.0969009399414,17.9316997528076,4.519681049705011
372,1466.0,1520.0,16.5729999542236,15.2580003738403,3.9414271921514206
373,376.0,99.0,18.4937992095947,17.7532997131348,5.077531616111371
374,1379.0,448.0,17.2129993438721,19.9680995941162,2.845121446710175
375,1019.0,151.0,18.4353008270264,17.7492008209229,2.9404754589603477
376,102.0,747.0,17.8362998962402,15.9567003250122,3.129605160257059
377,657.0,275.0,15.6944999694824,16.5969009399414,4.117262637187705
378,1460.0,1192.0,19.4421005249023,17.0177993774414,3.030717590978783
379,1056.0,239.0,15.5703001022339,17.8542995452881,3.654110954853503
380,1413.0,247.0,16.4230995178223,18.1000003814697,3.4148059439034113
381,163.0,791.0,18.261999130249,19.0795001983643,3.2069988730532053
382,982.0,794.0,18.1285991668701,17.843900680542,2.261488195860847
383,479.0,1235.0,19.3677997589111,18.7520008087158,1.2214097621747773
384,161.0,905.0,15.6871995925903,18.4022006988525,4.274911671283403
385,262.0,1232.0,17.8479995727539,16.3854007720947,3.8237227640389038
386,781.0,5.0,16.119499206543,16.6802005767822,0.9011276506335149
387,193.0,1040.0,16.7537994384766,17.4801998138428,2.528136917410755
388,994.0,897.0,16.3959999084473,18.2751007080078,3.2467422584096717
389,827.0,1340.0,18.3850994110107,19.3792991638184,3.225465916249452
390,532.0,1018.0,18.0097007751465,19.2880001068115,4.393506903946094
391,654.0,128.0,18.5226001739502,15.8843002319336,0.5738459185712048
392,672.0,974.0,15.5100002288818,16.8129005432129,3.785443642974598
393,163.0,1020.0,18.261999130249,18.3299007415771,4.319316842875258
394,98.0,375.0,17.9736995697021,19.4008007049561,2.8414979534450753
395,1056.0,1183.0,15.5703001022339,17.9351997375488,5.094945721057184
396,980.0,332.0,20.4505004882813,19.6219997406006,3.9629261398645244
397,23.0,895.0,15.4039001464844,18.136100769043,5.464270197676677
398,373.0,412.0,15.9455003738403,18.8412990570068,0.7676953848033679
399,703.0,574.0,18.3311996459961,17.1534004211426,2.0309826998492992
400,468.0,414.0,19.6595993041992,18.9241008758545,3.3339183482841874
401,144.0,20.0,15.7650003433228,13.6400003433228,2.788448553995424
402,577.0,264.0,21.3668994903564,18.8649997711182,3.29955485694404
403,1476.0,542.0,18.0713996887207,19.2472991943359,4.106703345383716
404,848.0,232.0,18.5312004089355,20.6082992553711,0.4113588759624531
405,482.0,201.0,19.461799621582,18.2738990783691,0.42410412816488
406,1477.0,243.0,18.2686004638672,17.9939994812012,4.32362709168179
407,220.0,313.0,17.6266002655029,19.7968006134033,3.2792614501220587
408,304.0,1012.0,19.7532005310059,18.4543991088867,3.505691085500958
409,1036.0,283.0,19.0093994140625,21.2341003417969,5.633939462478619
410,460.0,319.0,18.6532001495361,17.5186996459961,3.3906747554398082
411,1073.0,928.0,14.1340999603271,16.1168003082275,3.7701657748701796
412,81.0,847.0,17.0970993041992,14.7896995544434,3.2160919790656894
413,936.0,540.0,19.4500999450684,19.2278003692627,3.71146525301715
414,1386.0,944.0,19.613000869751,18.5174007415771,3.1467941650284708
415,512.0,969.0,14.5514001846313,14.2319002151489,0.9141146019576765
416,1170.0,1466.0,18.2488994598389,16.5729999542236,4.190133446953828
417,913.0,310.0,18.2262992858887,17.8442001342773,5.327221880982174
418,830.0,600.0,19.6648006439209,18.6266002655029,3.5388699069394463
419,234.0,59.0,18.9092998504639,18.2784004211426,3.4422708436882075
420,1130.0,802.0,16.0608005523682,18.9606990814209,1.276354841258154
421,397.0,1052.0,14.0401000976563,13.4041004180908,2.504465457568756
422,1208.0,0.0,15.3176002502441,16.5153007507324,4.513653251089945
423,159.0,1000.0,16.2938003540039,17.3838005065918,4.026252698852024
424,773.0,761.0,17.8320999145508,19.3948001861572,3.6325395388620483
425,128.0,266.0,15.8843002319336,18.369499206543,4.801416389186355
426,609.0,1483.0,19.3621997833252,17.5090999603271,1.9466045317701357
427,606.0,519.0,17.6032009124756,18.8087005615234,3.991167451536801
428,889.0,1316.0,14.2547998428345,16.8071994781494,4.66506047197377
429,568.0,733.0,17.8173999786377,15.5025997161865,2.4091299417018295
430,1113.0,1243.0,19.290599822998,17.4845008850098,2.032766012680608
431,1481.0,98.0,19.364200592041,17.9736995697021,4.578656965050267
432,1125.0,537.0,19.9890003204346,17.0860996246338,3.3318487846201283
433,1216.0,885.0,15.8388004302979,18.2112998962402,4.128355194747953
434,443.0,1513.0,16.4486999511719,15.5305004119873,2.7607221140158504
435,7.0,956.0,17.0352001190186,17.8939990997314,4.475073427562965
436,258.0,246.0,14.7847003936768,16.5111999511719,1.121549725711886
437,1227.0,1511.0,16.5639991760254,18.4507999420166,4.703304700984909
438,208.0,969.0,16.260799407959,14.2319002151489,3.1511325577080433
439,441.0,264.0,16.4978008270264,18.8649997711182,3.888479537948713
440,505.0,1151.0,19.1025009155273,18.8302993774414,3.626619001606139
441,1521.0,1518.0,13.3459997177124,13.8402004241943,4.731912693827212
442,896.0,218.0,18.3271007537842,18.2255001068115,2.0623185129572748
443,261.0,216.0,17.9430999755859,15.8978004455566,2.1079239094792523
444,806.0,752.0,15.6561002731323,18.0137996673584,2.841165953698366
445,458.0,1360.0,18.756799697876,15.7581996917725,4.594014046329884
446,576.0,10.0,21.362699508667,18.7430000305176,2.284050424017935
447,843.0,1399.0,17.2408008575439,18.8190994262695,4.419221908522148
448,283.0,1100.0,21.2341003417969,18.6350994110107,3.4653156339287032
449,138.0,634.0,17.7196998596191,15.0150003433228,5.510350973678174
450,126.0,183.0,13.3429002761841,16.304500579834,3.3915139847001567
451,954.0,631.0,19.81369972229,17.5323009490967,3.239751419578483
452,1467.0,1424.0,16.6501998901367,14.3809003829956,4.20349726069543
453,1526.0,213.0,21.1175003051758,20.1730003356934,3.5420056199652037
454,257.0,29.0,15.0004997253418,13.967399597168,3.6342893444766213
455,725.0,801.0,18.2469005584717,18.9524993896484,1.7887832438987241
456,909.0,342.0,20.0305995941162,18.3526992797852,2.787753292758337
457,1116.0,165.0,18.4790992736816,17.5851993560791,1.65058420718046
458,494.0,128.0,18.2383003234863,15.8843002319336,0.7365223725845104
459,115.0,506.0,20.8435001373291,19.095100402832,3.0076956850510728
460,964.0,1447.0,17.6555995941162,17.6443996429443,0.6508615920878432
461,114.0,692.0,18.9242992401123,19.7978992462158,2.3135622281729615
462,209.0,1269.0,20.4871997833252,19.7304992675781,4.1851740765973116
463,1148.0,970.0,13.8323001861572,14.2524995803833,3.0696852180186354
464,672.0,1379.0,15.5100002288818,17.2129993438721,3.267130676792604
465,928.0,319.0,16.1168003082275,17.5186996459961,3.943107201500775
466,1461.0,1482.0,19.4449996948242,19.3104991912842,2.59800128318832
467,1177.0,125.0,14.2028999328613,13.3837995529175,0.7919462258162503
468,1469.0,779.0,19.2374000549316,18.9815006256104,4.5903698525181875
469,840.0,896.0,20.5149993896484,18.3271007537842,3.4287593620064656
470,1027.0,726.0,18.4592990875244,18.1567993164063,4.183889210749844
471,968.0,1428.0,18.5914993286133,19.4466991424561,3.7203393724178517
472,1491.0,918.0,18.9447002410889,19.8971996307373,3.0377091295885226
473,235.0,537.0,16.0849990844727,17.0860996246338,2.923203337377358
474,384.0,1178.0,20.7273998260498,18.6650009155273,1.41468943498332
475,1447.0,1063.0,17.6443996429443,18.2024993896484,2.8701205946679575
476,895.0,769.0,18.136100769043,18.9808006286621,3.9617513683237258
477,832.0,331.0,19.9214992523193,19.6149997711182,2.108725975359047
478,577.0,910.0,21.3668994903564,20.0090999603271,3.228693163260487
479,114.0,1447.0,18.9242992401123,17.6443996429443,5.296525023042539
480,591.0,553.0,19.0969009399414,21.1546001434326,4.277191665586616
481,844.0,868.0,17.1303997039795,17.86669921875,4.746287038438021
482,569.0,1340.0,17.722900390625,19.3792991638184,1.0997098485421208
483,891.0,394.0,20.9747009277344,19.0914993286133,3.373854996421377
484,1148.0,492.0,13.8323001861572,14.941499710083,3.294914248121081
485,542.0,443.0,19.2472991943359,16.4486999511719,3.6973456235408086
486,91.0,801.0,17.1833000183105,18.9524993896484,2.246016022870229
487,1307.0,338.0,17.8493003845215,16.5233993530273,3.186526354426299
488,1526.0,539.0,21.1175003051758,18.7504005432129,4.540525864160742
489,973.0,265.0,16.7495994567871,18.3579998016357,3.266974832064431
490,426.0,476.0,18.1650009155273,17.9185009002686,0.772829698911327
491,522.0,353.0,19.3318004608154,18.1089992523193,3.217443771853185
492,300.0,1343.0,18.9997005462646,18.3054008483887,3.02724176732647
493,621.0,428.0,16.520299911499,17.507999420166,1.0887099437871115
494,714.0,1118.0,19.5151996612549,20.7402992248535,4.262998958300934
495,1119.0,579.0,20.7401008605957,21.2283992767334,4.801645891497776
496,1209.0,1184.0,15.4046001434326,14.8607997894287,4.870719630272225
497,1475.0,88.0,18.7847003936768,18.0431003570557,1.8121100142795048
498,1.0,854.0,16.4965000152588,17.7658996582031,2.2139412675417547
499,994.0,1310.0,16.3959999084473,18.9456005096436,3.6332762837734793
500,578.0,252.0,21.3076000213623,18.9249992370605,0.3761861989879787
501,1312.0,1334.0,18.8374004364014,17.3617992401123,5.08760501482227
502,1500.0,1248.0,17.4582004547119,19.1018009185791,2.1831213318067926
503,1150.0,159.0,18.8206005096436,16.2938003540039,2.8086372843410015
504,791.0,244.0,19.0795001983643,17.9881992340088,4.694645678852439
505,1467.0,1114.0,16.6501998901367,18.488000869751,2.165380872744816
506,949.0,73.0,16.2761993408203,19.1033992767334,4.0084739859970515
507,147.0,166.0,17.3169002532959,17.5797004699707,5.125278236925468
508,335.0,19.0,19.6051006317139,16.9143009185791,3.5892101615921814
509,1321.0,1210.0,17.1872005462646,15.3219995498657,4.215188703532353
510,1024.0,1107.0,18.1096000671387,19.0645008087158,4.3532681699675555
511,249.0,1511.0,18.0013008117676,18.4507999420166,3.292240422162379
512,901.0,1516.0,14.9455995559692,13.934700012207,4.57819207734965
513,933.0,881.0,21.0774002075195,18.9094009399414,1.5769091902514636
514,201.0,1314.0,18.2738990783691,17.80299949646,1.9708110806302988
515,1231.0,143.0,16.6219005584717,15.7656002044678,4.013911349490348
516,550.0,1118.0,21.1119995117188,20.7402992248535,4.562981852272283
517,1112.0,6.0,19.2063999176025,16.5928001403809,4.452663601274978
518,832.0,103.0,19.9214992523193,17.721700668335,3.9297999137397492
519,902.0,1069.0,15.7185001373291,18.3673000335693,4.116891188356375
520,696.0,1196.0,18.3675003051758,17.0699996948242,3.571054966589936
521,1377.0,1346.0,18.4988994598389,21.3353004455566,2.1521644039636274
522,779.0,1405.0,18.9815006256104,18.0491008758545,3.900760331199524
523,1214.0,1518.0,15.5411996841431,13.8402004241943,1.4816734888423717
524,226.0,914.0,18.1984996795654,16.5042991638184,1.903073120885378
525,460.0,681.0,18.6532001495361,18.6291007995605,2.6891403824121087
526,953.0,569.0,16.2714996337891,17.722900390625,4.276081493713923
527,1103.0,556.0,18.6266994476318,18.7877998352051,4.235977654436995
528,802.0,828.0,18.9606990814209,18.4081993103027,1.6071620990285298
529,933.0,1353.0,21.0774002075195,19.5846996307373,2.88431817493299
530,1113.0,774.0,19.290599822998,19.5300006866455,1.7659798076180775
531,914.0,1205.0,16.5042991638184,16.2290992736816,2.3262126311170834
532,1482.0,1415.0,19.3104991912842,19.9437007904053,2.3261081468944904
533,159.0,1321.0,16.2938003540039,17.1872005462646,3.53558336122002
534,635.0,1424.0,14.7953996658325,14.3809003829956,5.4108758041302645
535,1218.0,33.0,16.3211994171143,18.9270000457764,1.6799264402061127
536,1428.0,768.0,19.4466991424561,18.9242992401123,1.5464558788267881
537,376.0,176.0,18.4937992095947,20.7450008392334,2.865302147605234
538,1020.0,916.0,18.3299007415771,17.9209003448486,3.055929741934657
539,653.0,1122.0,18.3087005615234,19.6916999816895,3.4707315676603487
540,1131.0,270.0,16.9009990692139,18.0680999755859,0.8765252123702525
541,475.0,992.0,18.1249008178711,20.675199508667,2.467630933588692
542,969.0,1242.0,14.2319002151489,16.7446994781494,0.7200911901151971
543,1494.0,1497.0,20.9167003631592,18.4811992645264,3.5732308599481204
544,840.0,646.0,20.5149993896484,18.1870002746582,3.795013532168585
545,642.0,1094.0,18.8488006591797,21.31369972229,2.148838208280504
546,423.0,622.0,18.2737007141113,16.5501003265381,2.455125120173342
547,800.0,423.0,16.9122009277344,18.2737007141113,3.7758662634576727
548,907.0,1255.0,18.5522994995117,18.7733001708984,3.278697955809996
549,495.0,1256.0,21.0372009277344,18.9309005737305,3.092360271922647
550,1098.0,1168.0,20.5224990844727,18.6951007843018,4.755381401657836
551,1136.0,862.0,17.5156002044678,19.7780990600586,5.252506192146491
552,1062.0,39.0,18.1075000762939,19.2359008789063,3.8591794501669674
553,1434.0,1194.0,18.3789005279541,16.1933994293213,5.710919995037583
554,27.0,461.0,17.3658008575439,19.1240005493164,3.1493538536305232
555,397.0,512.0,14.0401000976563,14.5514001846313,4.1339015199810465
556,756.0,265.0,18.7593994140625,18.3579998016357,2.920250879505108
557,1179.0,1121.0,18.6411991119385,17.6208992004395,4.996126953853057
558,460.0,1100.0,18.6532001495361,18.6350994110107,2.926135489370037
559,462.0,987.0,19.1238994598389,20.5293006896973,1.9038466235792368
560,443.0,769.0,16.4486999511719,18.9808006286621,2.879415886993785
561,788.0,205.0,16.2035999298096,16.43630027771,2.107274423569015
562,1504.0,317.0,19.7215995788574,17.6140003204346,3.1672449758750636
563,52.0,3.0,16.6392002105713,17.5890007019043,2.9345430605757024
564,286.0,133.0,19.4244003295898,21.7103996276855,3.578937970025747
565,833.0,114.0,17.0594005584717,18.9242992401123,5.659535750572754
566,946.0,863.0,20.0074005126953,19.5284996032715,2.6512623624361575
567,1506.0,1078.0,18.1394004821777,20.4675998687744,1.7589698953066875
568,379.0,1271.0,18.4104995727539,17.9771003723145,4.914480840680197
569,1209.0,690.0,15.4046001434326,17.0949993133545,1.0602208158875053
570,1351.0,301.0,19.1781005859375,19.7640991210938,1.4481693952307615
571,1395.0,561.0,18.9113998413086,17.9384994506836,4.971537323698277
572,786.0,941.0,19.1566009521484,18.0568008422852,4.161715703287846
573,1478.0,1059.0,18.1697006225586,19.1189994812012,2.7903517030357783
574,979.0,1134.0,20.4379005432129,19.270299911499,3.863504020731526
575,373.0,169.0,15.9455003738403,16.4496002197266,3.0568944924045582
576,1244.0,660.0,17.4001007080078,18.0774002075195,4.903614442789057
577,151.0,1491.0,17.7492008209229,18.9447002410889,1.557907587334273
578,882.0,776.0,14.1042003631592,16.5998001098633,4.3226876871288304
579,373.0,219.0,15.9455003738403,18.1833000183105,5.155345037179118
580,1204.0,73.0,19.9822998046875,19.1033992767334,3.2718254979955015
581,880.0,875.0,18.7910003662109,17.7605991363525,4.1581022427742775
582,1316.0,343.0,16.8071994781494,18.511100769043,4.927757240495267
583,1172.0,1215.0,15.5924997329712,15.4381999969482,2.49837989122339
584,840.0,196.0,20.5149993896484,17.8230991363525,2.7059013816633715
585,1018.0,81.0,19.2880001068115,17.0970993041992,4.8698049349573695
586,766.0,722.0,18.9451999664307,19.8619995117188,3.0646749518774565
587,1265.0,687.0,14.9100999832153,16.2360992431641,2.266377826793608
588,394.0,438.0,19.0914993286133,20.890100479126,4.087535783302601
589,458.0,878.0,18.756799697876,17.2043991088867,1.70504183638052
590,290.0,1294.0,19.0573997497559,18.069299697876,3.715211144815096
591,96.0,604.0,15.3241996765137,17.5881996154785,3.2227913358962614
592,1208.0,13.0,15.3176002502441,17.9570999145508,3.5928261673772464
593,651.0,836.0,13.1183996200562,14.3471002578735,1.4946202877219679
594,1424.0,883.0,14.3809003829956,14.1044998168945,3.6861107964537183
595,840.0,865.0,20.5149993896484,20.8542995452881,2.561030818433481
596,831.0,867.0,20.0422992706299,19.1975002288818,2.6599937541484886
597,432.0,1497.0,21.1544990539551,18.4811992645264,5.458972223629544
598,251.0,1192.0,18.7998008728027,17.0177993774414,3.358820027214434
599,1507.0,265.0,18.2201995849609,18.3579998016357,2.3814844226125302
600,643.0,307.0,17.0578002929688,17.7439002990723,2.6674051986736247
601,560.0,621.0,18.1089000701904,16.520299911499,3.553195735738678
602,512.0,1176.0,14.5514001846313,14.1342000961304,2.05011766815435
603,719.0,55.0,17.6149997711182,17.4044990539551,3.079577710440993
604,1441.0,1133.0,17.5261001586914,17.7115001678467,1.6448721272743605
605,724.0,1272.0,20.335599899292,18.628999710083,2.37102240401792
606,641.0,1345.0,18.7611999511719,21.1446990966797,1.42199107634597
607,162.0,1379.0,15.5708999633789,17.2129993438721,2.8512937204842523
608,1061.0,659.0,18.0799999237061,17.9575996398926,3.7069506589373975
609,1002.0,566.0,18.8570995330811,17.7164001464844,1.5858282358806226
610,240.0,670.0,17.8516006469727,18.9486999511719,2.6168258440477623
611,77.0,1123.0,18.7303009033203,19.7801990509033,2.851241435132268
612,162.0,562.0,15.5708999633789,18.0196990966797,3.0187368156014114
613,1044.0,1443.0,19.2486000061035,20.3118991851807,1.94483782375866
614,502.0,1241.0,19.1093997955322,16.7406005859375,2.8772037155617847
615,296.0,1230.0,19.7628993988037,17.8082008361816,3.117010243977419
616,1107.0,854.0,19.0645008087158,17.7658996582031,5.015562816268641
617,772.0,330.0,17.9634990692139,17.960599899292,5.053402072206183
618,1435.0,146.0,18.3850002288818,19.3369998931885,1.9401736722878313
619,611.0,467.0,19.3764991760254,19.5704002380371,3.159165542532704
620,941.0,1409.0,18.0568008422852,18.5445003509521,2.559179913879845
621,1432.0,0.0,13.8745002746582,16.5153007507324,1.1930257289701645
622,446.0,898.0,19.9137992858887,18.1595001220703,2.6812580443479153
623,746.0,1270.0,17.5093002319336,18.0795993804932,3.151728832470379
624,626.0,223.0,18.5083999633789,17.2637996673584,2.690929231689917
625,185.0,1036.0,17.8484992980957,19.0093994140625,3.1620331314088808
626,115.0,485.0,20.8435001373291,18.3551998138428,4.372370501193273
627,1505.0,1035.0,19.7332000732422,18.9186000823975,1.9701566005459763
628,1111.0,1038.0,19.2124004364014,18.8486995697021,3.396766989132463
629,909.0,1410.0,20.0305995941162,18.6515007019043,4.0218503572829665
630,485.0,1157.0,18.3551998138428,16.6406993865967,0.31330727699756156
631,23.0,144.0,15.4039001464844,15.7650003433228,2.744877533262472
632,40.0,247.0,19.3279991149902,18.1000003814697,4.285310569045571
633,146.0,965.0,19.3369998931885,18.6653003692627,3.7955483614687178
634,339.0,1127.0,16.3934993743896,16.0620002746582,3.179405330399887
635,5.0,1487.0,16.6802005767822,18.6566009521484,3.675216385182563
636,148.0,1180.0,17.4895000457764,18.7600994110107,0.5520408293832008
637,1497.0,332.0,18.4811992645264,19.6219997406006,4.16681956711721
638,41.0,1493.0,19.6734008789063,20.9993991851807,2.6978237308862876
639,713.0,297.0,19.3889007568359,18.9729995727539,2.409443895589757
640,413.0,691.0,18.8470993041992,20.069299697876,3.9768283694407143
641,239.0,1142.0,17.8542995452881,19.7217998504639,2.4290301422669263
642,848.0,222.0,18.5312004089355,20.1611995697021,3.520056740419852
643,1528.0,957.0,15.2762002944946,17.8962001800537,3.3762489491246193
644,1119.0,1399.0,20.7401008605957,18.8190994262695,1.6936409805757555
645,1296.0,1080.0,18.3855991363525,16.6273994445801,3.567324761266099
646,1394.0,1440.0,15.980299949646,13.5137996673584,2.5054962593735306
647,1425.0,1379.0,14.3683996200562,17.2129993438721,1.9485895999248637
648,1409.0,519.0,18.5445003509521,18.8087005615234,5.246979825094273
649,1342.0,123.0,19.2866992950439,18.6170997619629,4.29441253084535
650,435.0,412.0,18.2653999328613,18.8412990570068,2.8517407600313516
651,58.0,1345.0,19.05419921875,21.1446990966797,2.9508205596528385
652,894.0,118.0,18.0373001098633,16.9731998443604,4.814595950852679
653,665.0,608.0,19.1840000152588,19.4901008605957,4.693245342038872
654,697.0,171.0,17.6991996765137,19.5888004302979,2.8834300047818453
655,1400.0,1241.0,18.8243999481201,16.7406005859375,3.8298958977430972
656,1406.0,1137.0,18.0331993103027,17.3512001037598,3.56570350193429
657,720.0,781.0,17.6137008666992,16.119499206543,5.818015827463097
658,632.0,39.0,17.4158992767334,19.2359008789063,1.5378862775164726
659,1176.0,629.0,14.1342000961304,16.5687999725342,2.8478150897524688
660,1131.0,412.0,16.9009990692139,18.8412990570068,4.6433318934417995
661,1015.0,1289.0,14.3044996261597,15.6823997497559,0.519037609286124
662,771.0,82.0,17.7707996368408,17.0324001312256,1.4405464121919067
663,557.0,76.0,18.9568996429443,16.3612003326416,2.442621621226487
664,742.0,616.0,16.9521999359131,17.2504997253418,1.7958877610596238
665,356.0,851.0,18.3218002319336,20.840799331665,4.662805109743694
666,487.0,668.0,18.4521999359131,20.5877990722656,1.3622738670377097
667,1122.0,740.0,19.6916999816895,17.1700992584229,2.8220669618932654
668,1106.0,1478.0,19.0049991607666,18.1697006225586,4.9928475026971055
669,1440.0,922.0,13.5137996673584,14.4288997650146,2.9262472442600895
670,1413.0,137.0,16.4230995178223,17.6469993591309,3.9731897877417808
671,860.0,1050.0,19.5527000427246,20.8441009521484,2.256057669223065
672,1210.0,618.0,15.3219995498657,16.831600189209,2.5519713861971134
673,1297.0,209.0,18.3878002166748,20.4871997833252,3.5933051109058542
674,682.0,141.0,18.6201992034912,19.2066993713379,4.762535924033181
675,1365.0,994.0,19.0407009124756,16.3959999084473,1.7151229453526888
676,843.0,67.0,17.2408008575439,17.5104007720947,3.107888750003287
677,367.0,640.0,19.1830005645752,17.9178009033203,4.280406007964545
678,1039.0,172.0,17.5976009368896,20.081600189209,3.6479803006318643
679,542.0,280.0,19.2472991943359,18.6089000701904,1.878711490013725
680,722.0,1225.0,19.8619995117188,17.9712009429932,3.4057773217540674
681,202.0,143.0,18.173999786377,15.7656002044678,4.087095974997913
682,690.0,410.0,17.0949993133545,18.9302997589111,3.670213503104812
683,231.0,382.0,20.5415992736816,19.2516002655029,4.818350331250466
684,29.0,633.0,13.967399597168,15.1303997039795,4.1197578480661265
685,361.0,1191.0,19.4083003997803,17.1030006408691,3.31659735583121
686,261.0,32.0,17.9430999755859,17.7045001983643,2.6595653413123674
687,1248.0,166.0,19.1018009185791,17.5797004699707,3.2678207643532473
688,139.0,1315.0,19.3847999572754,17.9279003143311,3.8089088192018052
689,575.0,36.0,21.2411994934082,19.2816009521484,3.767199252170858
690,124.0,743.0,18.6159000396729,19.8400001525879,3.818471450691697
691,259.0,1375.0,17.3563003540039,16.9965991973877,4.733848728858734
692,1139.0,953.0,16.431999206543,16.2714996337891,3.8198033360487393
693,677.0,9.0,16.7560005187988,17.3995990753174,3.772659455301029
694,1310.0,896.0,18.9456005096436,18.3271007537842,5.054831647835232
695,163.0,1364.0,18.261999130249,17.7052001953125,0.8725351746669953
696,195.0,306.0,17.9009990692139,17.7339992523193,1.7334619877730575
697,416.0,503.0,18.3747005462646,19.0965003967285,3.4734636810612978
698,1247.0,25.0,19.1679000854492,19.4930000305176,4.146098619571395
699,786.0,597.0,19.1566009521484,18.5620994567871,3.882754717271088
700,1100.0,48.0,18.6350994110107,16.5265007019043,0.9886129115832762
701,1052.0,121.0,13.4041004180908,15.9109001159668,0.534032953229566
702,1029.0,914.0,19.3250007629395,16.5042991638184,3.6716010126725136
703,869.0,773.0,17.6700000762939,17.8320999145508,3.2604873536585512
704,933.0,356.0,21.0774002075195,18.3218002319336,5.498277052433077
705,1221.0,704.0,19.2838001251221,18.3518009185791,1.9298255105345115
706,666.0,447.0,19.3687992095947,20.0156002044678,4.1007162665548815
707,863.0,804.0,19.5284996032715,18.8407001495361,3.5977787370439978
708,992.0,1165.0,20.675199508667,18.8712005615234,1.6618991069027214
709,766.0,1399.0,18.9451999664307,18.8190994262695,4.238218353130005
710,635.0,1521.0,14.7953996658325,13.3459997177124,4.551192258583361
711,218.0,1237.0,18.2255001068115,20.5753002166748,2.6503507068733696
712,659.0,1249.0,17.9575996398926,20.3083000183105,1.5291416108546683
713,1091.0,316.0,19.4410991668701,19.7754001617432,0.7104053112087776
714,1030.0,1191.0,19.3265991210938,17.1030006408691,2.2249436681272567
715,1482.0,81.0,19.3104991912842,17.0970993041992,4.1483882212181475
716,139.0,196.0,19.3847999572754,17.8230991363525,3.362362752602306
717,915.0,1295.0,16.6576995849609,18.0077991485596,1.2989072319407717
718,232.0,155.0,20.6082992553711,18.9090995788574,3.429686719236643
719,1029.0,1262.0,19.3250007629395,19.3647003173828,3.6135276561336163
720,607.0,1330.0,19.3689994812012,18.233699798584,0.37583944978524664
721,502.0,148.0,19.1093997955322,17.4895000457764,1.584531013529237
722,562.0,381.0,18.0196990966797,19.2546997070313,2.4479360051564822
723,395.0,72.0,21.2530002593994,20.3775997161865,2.6337657126517264
724,25.0,1069.0,19.4930000305176,18.3673000335693,2.193342276574359
725,1409.0,328.0,18.5445003509521,17.9617004394531,2.2151400089459
726,745.0,913.0,17.505500793457,18.2262992858887,3.8580126990931163
727,982.0,32.0,18.1285991668701,17.7045001983643,3.812735047335883
728,1264.0,572.0,14.9885997772217,16.9682006835938,2.128200522631438
729,788.0,486.0,16.2035999298096,18.3540992736816,2.4412391938251568
730,249.0,421.0,18.0013008117676,15.1381998062134,2.8122211438230527
731,748.0,224.0,15.9315004348755,17.3465003967285,4.607749209809876
732,643.0,119.0,17.0578002929688,15.9729995727539,0.9776416186308962
733,590.0,183.0,19.0762996673584,16.304500579834,0.6787444533399482
734,578.0,987.0,21.3076000213623,20.5293006896973,4.733917416933076
735,32.0,26.0,17.7045001983643,17.4514999389648,0.3733421557432148
736,1255.0,1468.0,18.7733001708984,19.1212997436523,3.4182295012439807
737,118.0,330.0,16.9731998443604,17.960599899292,2.9072846917468387
738,145.0,343.0,19.1664009094238,18.511100769043,1.3350019610751183
739,911.0,152.0,20.0070991516113,17.7565994262695,2.570653122331927
740,1362.0,390.0,19.089599609375,17.9797992706299,2.1915705297896406
741,563.0,126.0,13.7210998535156,13.3429002761841,4.58760136256721
742,1140.0,674.0,16.2971000671387,18.5007991790771,3.3299623369321343
743,1241.0,390.0,16.7406005859375,17.9797992706299,0.9694881353185207
744,285.0,478.0,19.5312995910645,19.5540008544922,2.758155133011806
745,1377.0,473.0,18.4988994598389,17.9258003234863,2.745080340049612
746,1515.0,1204.0,19.3015003204346,19.9822998046875,5.044007056333863
747,701.0,460.0,17.210599899292,18.6532001495361,2.5332935015666878
748,57.0,1192.0,18.9330005645752,17.0177993774414,3.7744601000423876
749,225.0,1098.0,18.1410999298096,20.5224990844727,2.684720377897109
750,673.0,948.0,15.5343999862671,18.4067993164063,4.233532680147822
751,1182.0,34.0,17.9407997131348,18.6714000701904,3.3410520049130352
752,1456.0,713.0,19.1427993774414,19.3889007568359,4.4429201454845755
753,648.0,870.0,19.8959007263184,17.1662006378174,1.734042915218381
754,1395.0,268.0,18.9113998413086,17.9549999237061,2.1297280230899798
755,296.0,192.0,19.7628993988037,19.109899520874,4.1325261513929785
756,733.0,456.0,15.5025997161865,15.6575002670288,2.707311503099532
757,1097.0,1356.0,20.5086002349854,20.238899230957,4.486968652354143
758,1376.0,214.0,18.5039005279541,20.0683994293213,3.524745397431405
759,778.0,191.0,19.0562000274658,19.1093997955322,3.00862830769992
760,629.0,506.0,16.5687999725342,19.095100402832,1.773643510331314
761,629.0,696.0,16.5687999725342,18.3675003051758,2.9514844921065597
762,907.0,544.0,18.5522994995117,19.2971992492676,4.93691089855988
763,1036.0,905.0,19.0093994140625,18.4022006988525,4.206712904678111
764,803.0,769.0,18.9459991455078,18.9808006286621,3.310286098571106
765,1067.0,1287.0,20.57200050354,19.6945991516113,2.1750217295244894
766,913.0,1412.0,18.2262992858887,16.2863998413086,3.321517715781517
767,1100.0,339.0,18.6350994110107,16.3934993743896,4.53834910838122
768,691.0,1206.0,20.069299697876,17.8398990631104,2.166746080369736
769,1347.0,618.0,17.9428005218506,16.831600189209,3.0379816562886517
770,485.0,244.0,18.3551998138428,17.9881992340088,4.770479034295588
771,1473.0,1464.0,20.9610004425049,19.7784004211426,1.7808116746897449
772,800.0,1507.0,16.9122009277344,18.2201995849609,1.7573935153090645
773,1119.0,1443.0,20.7401008605957,20.3118991851807,3.2991523579422846
774,701.0,803.0,17.210599899292,18.9459991455078,2.905988243284851
775,1082.0,279.0,17.6502990722656,18.667200088501,2.943891823040626
776,262.0,1288.0,17.8479995727539,15.5766000747681,3.773533094142568
777,601.0,559.0,18.5618000030518,17.9412002563477,3.313868028548139
778,671.0,1098.0,19.0223007202148,20.5224990844727,4.789114917219156
779,458.0,666.0,18.756799697876,19.3687992095947,3.4589477358609315
780,1190.0,1529.0,17.0097999572754,15.1721000671387,4.838010308469511
781,527.0,965.0,19.3931999206543,18.6653003692627,2.0510539114537174
782,191.0,1113.0,19.1093997955322,19.290599822998,3.1513032277680892
783,538.0,260.0,17.1650009155273,17.3437004089355,2.9584436742337674
784,675.0,1376.0,18.3878993988037,18.5039005279541,2.5899027676274895
785,781.0,150.0,16.119499206543,18.7266006469727,5.246195707892491
786,337.0,574.0,16.4190998077393,17.1534004211426,3.6231064128401957
787,192.0,332.0,19.109899520874,19.6219997406006,4.202507537436016
788,1442.0,164.0,17.5209999084473,18.0683994293213,4.71272988398218
789,643.0,787.0,17.0578002929688,16.3117008209229,1.9634009788668378
790,913.0,335.0,18.2262992858887,19.6051006317139,3.370068490870968
791,246.0,1273.0,16.5111999511719,18.3990001678467,4.589061130640856
792,1184.0,421.0,14.8607997894287,15.1381998062134,3.1336844017559042
793,375.0,238.0,19.4008007049561,17.2108001708984,1.732642434913243
794,1338.0,652.0,14.2354001998901,13.359299659729,4.777682926063956
795,60.0,869.0,18.3899993896484,17.6700000762939,4.060522551017891
796,801.0,781.0,18.9524993896484,16.119499206543,2.489027036778871
797,1007.0,7.0,19.2458000183105,17.0352001190186,4.613539891545817
798,610.0,393.0,19.3812007904053,18.9797992706299,2.744220838932231
799,1307.0,168.0,17.8493003845215,16.4500007629395,2.9221031101582957
800,832.0,214.0,19.9214992523193,20.0683994293213,2.772341670086861
801,1183.0,120.0,17.9351997375488,15.9631004333496,0.8004619862300919
802,148.0,878.0,17.4895000457764,17.2043991088867,5.1981269819899305
803,674.0,462.0,18.5007991790771,19.1238994598389,2.2307528418428
804,705.0,1523.0,17.7360000610352,19.1404991149902,2.7957618573270873
805,1387.0,425.0,16.5853996276855,18.1762008666992,2.1551282236971687
806,273.0,968.0,20.7544994354248,18.5914993286133,3.4196194301430602
807,95.0,22.0,14.8831996917725,15.4123001098633,2.8928284534191113
808,1443.0,1113.0,20.3118991851807,19.290599822998,4.762411955746739
809,250.0,1091.0,17.9141998291016,19.4410991668701,3.045100326422251
810,200.0,75.0,18.7700004577637,16.3612003326416,2.607121185176481
811,1156.0,175.0,16.6368007659912,17.2938003540039,4.704020044726189
812,1193.0,400.0,16.1095008850098,13.993200302124,2.294678600308904
813,920.0,340.0,18.485200881958,16.4220008850098,2.8981244623603923
814,112.0,1161.0,16.7886009216309,16.2152996063232,3.934611729145844
815,137.0,900.0,17.6469993591309,14.842399597168,3.1547836345484956
816,238.0,1181.0,17.2108001708984,18.0165996551514,4.41824547812295
817,975.0,687.0,16.610200881958,16.2360992431641,3.3652887868482684
818,1057.0,165.0,17.2625007629395,17.5851993560791,3.3481525036049637
819,666.0,426.0,19.3687992095947,18.1650009155273,3.0645324364724122
820,134.0,668.0,21.5398006439209,20.5877990722656,4.623436717966126
821,233.0,267.0,18.917200088501,17.9493999481201,5.473854327169974
822,7.0,244.0,17.0352001190186,17.9881992340088,3.1175823014302337
823,53.0,1164.0,21.5023002624512,18.7740993499756,5.112781838088535
824,1399.0,1468.0,18.8190994262695,19.1212997436523,5.176311808687578
825,250.0,1354.0,17.9141998291016,19.8162002563477,1.7945321229243945
826,1380.0,1060.0,20.9256000518799,19.0473003387451,3.948333687317686
827,3.0,1325.0,17.5890007019043,17.599100112915,2.997081107929556
828,945.0,439.0,19.9169006347656,20.9673004150391,3.1436507382478576
829,622.0,1289.0,16.5501003265381,15.6823997497559,2.68591138154184
830,642.0,891.0,18.8488006591797,20.9747009277344,2.3669532529449318
831,1290.0,675.0,20.673900604248,18.3878993988037,3.198152466349121
832,128.0,1233.0,15.8843002319336,17.8187999725342,2.5115014411114607
833,1339.0,469.0,14.1930999755859,16.7943992614746,0.7251464958461242
834,664.0,1336.0,17.5515995025635,16.7205009460449,2.5189404876380417
835,1481.0,918.0,19.364200592041,19.8971996307373,1.8676763988091662
836,134.0,1117.0,21.5398006439209,20.6543998718262,4.470526866184403
837,434.0,713.0,21.2604007720947,19.3889007568359,0.8342443114567702
838,658.0,484.0,15.836199760437,18.44580078125,0.856101901340273
839,367.0,1014.0,19.1830005645752,16.6795997619629,4.163365381922454
840,1331.0,432.0,18.3407001495361,21.1544990539551,3.4269623234678783
841,1514.0,513.0,19.2710990905762,17.6896991729736,2.933599787573145
842,569.0,1099.0,17.722900390625,20.511100769043,2.2619389958090004
843,658.0,263.0,15.836199760437,18.7807998657227,3.7265871954368834
844,751.0,834.0,17.9803009033203,17.055700302124,0.7079983032270937
845,182.0,1192.0,16.3087005615234,17.0177993774414,3.4993265294096707
846,571.0,1425.0,17.0594997406006,14.3683996200562,2.8738910228220482
847,292.0,846.0,17.5319004058838,14.8016004562378,2.9526246623327967
848,794.0,287.0,17.843900680542,17.457799911499,2.1049311549885026
849,1505.0,31.0,19.7332000732422,17.5848999023438,1.8794757550300447
850,117.0,648.0,16.9759998321533,19.8959007263184,3.4520710576752136
851,1186.0,1378.0,19.6812992095947,17.3292007446289,4.209529867059643
852,1339.0,846.0,14.1930999755859,14.8016004562378,3.87050198996578
853,434.0,393.0,21.2604007720947,18.9797992706299,4.757832321109036
854,1320.0,1448.0,17.0590991973877,17.56369972229,1.416205746037916
855,1232.0,1524.0,16.3854007720947,18.9458999633789,2.6645296608800977
856,970.0,976.0,14.2524995803833,16.4937992095947,3.080936274769939
857,1279.0,77.0,21.1693000793457,18.7303009033203,3.6416600874326943
858,1037.0,441.0,18.8600997924805,16.4978008270264,5.68294130542974
859,181.0,1351.0,19.4871006011963,19.1781005859375,3.463326169656802
860,1202.0,633.0,17.3346996307373,15.1303997039795,1.2496360744890511
861,603.0,560.0,17.5933990478516,18.1089000701904,2.957708595989567
862,766.0,1407.0,18.9451999664307,16.2938003540039,3.38508936509779
863,821.0,858.0,19.2642002105713,19.343599319458,4.1421957025101195
864,254.0,911.0,17.4195003509521,20.0070991516113,2.8989198135975123
865,1343.0,48.0,18.3054008483887,16.5265007019043,2.082242032733162
866,42.0,1395.0,19.6753005981445,18.9113998413086,2.6048348106078705
867,1442.0,924.0,17.5209999084473,17.6229991912842,4.0509540339217915
868,1036.0,605.0,19.0093994140625,17.6781997680664,1.5376444298304457
869,1301.0,236.0,17.7366008758545,16.0867004394531,4.597726843352724
870,708.0,228.0,14.0356998443604,16.3066005706787,4.675452529303989
871,303.0,260.0,19.7721004486084,17.3437004089355,4.951919239013666
872,43.0,456.0,16.9934997558594,15.6575002670288,2.1386730896190564
873,191.0,33.0,19.1093997955322,18.9270000457764,3.9269319924010686
874,1263.0,246.0,19.4286994934082,16.5111999511719,2.8087263193328678
875,834.0,914.0,17.055700302124,16.5042991638184,3.544789535928336
876,789.0,643.0,18.5606002807617,17.0578002929688,3.5595200716807702
877,1416.0,1314.0,19.9213008880615,17.80299949646,1.6619888687713555
878,942.0,818.0,17.9554004669189,17.3652992248535,0.8012983039689383
879,1225.0,617.0,17.9712009429932,16.8213996887207,3.6173992629411504
880,1086.0,282.0,18.6965999603271,16.7506008148193,2.334048864818997
881,1000.0,24.0,17.3838005065918,19.4887008666992,3.0353868126971104
882,420.0,1483.0,14.8206996917725,17.5090999603271,5.047772736770684
883,1202.0,180.0,17.3346996307373,19.7103004455566,1.789883246263261
884,635.0,245.0,14.7953996658325,16.5524005889893,4.9728718535397425
885,701.0,190.0,17.210599899292,19.1182994842529,5.347490951185794
886,1513.0,921.0,15.5305004119873,14.3366003036499,3.9499347410192445
887,664.0,502.0,17.5515995025635,19.1093997955322,4.161162505656257
888,907.0,770.0,18.5522994995117,17.7700004577637,3.475042731919052
889,439.0,59.0,20.9673004150391,18.2784004211426,0.5601884920601117
890,187.0,789.0,16.9650993347168,18.5606002807617,5.131854463632079
891,216.0,835.0,15.8978004455566,14.2305002212524,1.9405776345245707
892,289.0,439.0,19.0312004089355,20.9673004150391,3.5100460959243014
893,1061.0,189.0,18.0799999237061,18.9265995025635,3.829908049523801
894,317.0,507.0,17.6140003204346,20.3953990936279,2.814211706723247
895,1305.0,892.0,15.5483999252319,18.5049991607666,2.622745786490118
896,578.0,539.0,21.3076000213623,18.7504005432129,0.40610458829748625
897,432.0,1409.0,21.1544990539551,18.5445003509521,4.275512969723295
898,617.0,1505.0,16.8213996887207,19.7332000732422,2.229961132501618
899,1164.0,31.0,18.7740993499756,17.5848999023438,3.2235380500613218
900,1166.0,221.0,20.127799987793,17.6336994171143,1.2490964816706513
901,1321.0,538.0,17.1872005462646,17.1650009155273,3.8112782762877893
902,316.0,133.0,19.7754001617432,21.7103996276855,4.172280496892341
903,330.0,719.0,17.960599899292,17.6149997711182,1.9546571740026404
904,440.0,479.0,16.550199508667,19.3677997589111,1.9211707366973028
905,1085.0,378.0,18.6923007965088,18.4309997558594,1.8103613541175312
906,828.0,715.0,18.4081993103027,17.6595993041992,2.7883842616040155
907,1075.0,96.0,14.2215003967285,15.3241996765137,4.417827286980556
908,1334.0,1389.0,17.3617992401123,18.819299697876,4.353182730694202
909,959.0,147.0,19.2917995452881,17.3169002532959,2.7394355027209345
910,261.0,601.0,17.9430999755859,18.5618000030518,4.610521662808933
911,1126.0,988.0,20.1028995513916,20.5627002716064,1.5312218649803888
912,1393.0,799.0,15.9523000717163,16.9367008209229,0.17999661728395136
913,671.0,1062.0,19.0223007202148,18.1075000762939,4.720245496635866
914,863.0,1262.0,19.5284996032715,19.3647003173828,2.9181349867995885
915,629.0,1414.0,16.5687999725342,19.0739002227783,1.5245832855537802
916,390.0,1223.0,17.9797992706299,18.3724994659424,2.0684004582576594
917,975.0,427.0,16.610200881958,17.5235996246338,1.1085776293857177
918,982.0,336.0,18.1285991668701,16.5303001403809,3.770305189358863
919,251.0,985.0,18.7998008728027,19.0652008056641,4.419947767150178
920,291.0,1038.0,18.531099319458,18.8486995697021,3.1848027254272435
921,1386.0,37.0,19.613000869751,21.3066005706787,3.1206269691089736
922,687.0,924.0,16.2360992431641,17.6229991912842,3.1837486580107033
923,1087.0,1261.0,14.0797996520996,14.4022998809814,3.011743778981428
924,606.0,1384.0,17.6032009124756,19.2560997009277,0.8634577901661049
925,254.0,641.0,17.4195003509521,18.7611999511719,1.2543533397081963
926,183.0,224.0,16.304500579834,17.3465003967285,4.396850958641449
927,1448.0,1351.0,17.56369972229,19.1781005859375,3.2603074514721913
928,244.0,391.0,17.9881992340088,17.9783992767334,1.2371367583396626
929,1478.0,934.0,18.1697006225586,21.0126991271973,3.7726660959369345
930,1136.0,39.0,17.5156002044678,19.2359008789063,2.106617920173426
931,990.0,903.0,18.4624004364014,18.2689990997314,2.9066364661935538
932,840.0,640.0,20.5149993896484,17.9178009033203,2.9381549379385015
933,839.0,270.0,20.5331001281738,18.0680999755859,2.4046631938272034
934,492.0,96.0,14.941499710083,15.3241996765137,3.231565123035101
935,839.0,437.0,20.5331001281738,19.5174999237061,2.2523864813454493
936,918.0,1491.0,19.8971996307373,18.9447002410889,3.0377091295885226
937,725.0,1374.0,18.2469005584717,18.5683002471924,4.683868076700922
938,554.0,1010.0,21.0571994781494,19.1389999389648,2.48497996041708
939,1038.0,1481.0,18.8486995697021,19.364200592041,3.2104515411782453
940,1375.0,27.0,16.9965991973877,17.3658008575439,2.9128363544233706
941,1031.0,1351.0,18.9685001373291,19.1781005859375,1.3339293509060022
942,1087.0,400.0,14.0797996520996,13.993200302124,1.2639952034247113
943,1298.0,522.0,19.316499710083,19.3318004608154,2.1399996736993567
944,58.0,1352.0,19.05419921875,19.0802001953125,2.9941732217834525
945,1102.0,610.0,18.6014995574951,19.3812007904053,4.381562052606238
946,1018.0,1285.0,19.2880001068115,20.7742004394531,3.946170978514781
947,896.0,866.0,18.3271007537842,19.1429996490479,0.9693695222921116
948,75.0,1191.0,16.3612003326416,17.1030006408691,3.3115314011870014
949,669.0,156.0,20.5935001373291,18.9097003936768,2.799574817404712
950,195.0,270.0,17.9009990692139,18.0680999755859,2.8834490634429986
951,1352.0,1320.0,19.0802001953125,17.0590991973877,4.095635957536629
952,1179.0,209.0,18.6411991119385,20.4871997833252,0.8345247026297888
953,1172.0,91.0,15.5924997329712,17.1833000183105,4.161479332062626
954,201.0,304.0,18.2738990783691,19.7532005310059,3.116091838790739
955,177.0,330.0,20.8470993041992,17.960599899292,3.371215116702134
956,117.0,922.0,16.9759998321533,14.4288997650146,3.0365528157070956
957,654.0,301.0,18.5226001739502,19.7640991210938,4.76331464956722
958,1338.0,6.0,14.2354001998901,16.5928001403809,6.121975842762014
959,1003.0,505.0,19.1634006500244,19.1025009155273,6.2027455593437715
960,1227.0,195.0,16.5639991760254,17.9009990692139,4.7828788499013495
961,538.0,676.0,17.1650009155273,16.7406005859375,3.091070778757096
962,595.0,1062.0,17.109899520874,18.1075000762939,3.588987901152996
963,237.0,783.0,17.3283996582031,17.9377994537354,3.361248146542642
964,675.0,1390.0,18.3878993988037,18.8080005645752,3.002578397264068
965,1074.0,782.0,14.1262998580933,16.2087001800537,3.3583474406260323
966,609.0,296.0,19.3621997833252,19.7628993988037,1.927174618613488
967,1021.0,1202.0,16.9204006195068,17.3346996307373,2.3755053669761232
968,170.0,604.0,19.6833000183105,17.5881996154785,2.58849816532387
969,337.0,267.0,16.4190998077393,17.9493999481201,1.5151795764052047
970,1014.0,834.0,16.6795997619629,17.055700302124,0.944677297779793
971,687.0,57.0,16.2360992431641,18.9330005645752,5.277987699757731
972,1062.0,1497.0,18.1075000762939,18.4811992645264,3.038875580670662
973,1470.0,66.0,19.9162998199463,20.3463001251221,1.1363056222173564
974,994.0,591.0,16.3959999084473,19.0969009399414,3.159202832095306
975,864.0,819.0,20.8528995513916,18.8887996673584,2.8300848782065433
976,713.0,1203.0,19.3889007568359,17.3145999908447,2.6468785575674048
977,484.0,113.0,18.44580078125,18.9720001220703,1.915070921165808
978,871.0,874.0,17.1758995056152,17.8651008605957,4.516994329131318
979,476.0,181.0,17.9185009002686,19.4871006011963,2.5756202399726082
980,1211.0,569.0,16.1523990631104,17.722900390625,4.513929812730381
981,264.0,1195.0,18.8649997711182,16.0909996032715,1.7566469091376304
982,35.0,1398.0,19.378999710083,20.7236003875732,3.5783980052691318
983,384.0,989.0,20.7273998260498,18.6765003204346,0.9762360517901089
984,315.0,226.0,19.7861003875732,18.1984996795654,2.383940413473498
985,354.0,662.0,18.1359004974365,17.4622001647949,1.478523181316648
986,296.0,876.0,19.7628993988037,18.8316993713379,3.6095155120634903
987,943.0,1034.0,18.5401992797852,15.7398996353149,1.6223289332212596
988,1128.0,965.0,15.9474000930786,18.6653003692627,1.1237088779140552
989,739.0,377.0,17.0421009063721,18.5025997161865,1.972446250338856
990,652.0,21.0,13.359299659729,13.6365995407104,3.0190222384098058
991,1367.0,202.0,18.5513000488281,18.173999786377,3.3284142471260907
992,467.0,286.0,19.5704002380371,19.4244003295898,1.1443647938113126
993,933.0,992.0,21.0774002075195,20.675199508667,2.3601363787885177
994,1179.0,763.0,18.6411991119385,20.5363998413086,3.096485810407372
995,1263.0,643.0,19.4286994934082,17.0578002929688,1.5544287374472103
996,1429.0,1098.0,19.6116008758545,20.5224990844727,1.4223825787307016
997,582.0,1211.0,17.4878997802734,16.1523990631104,3.7681455636815095
998,1213.0,143.0,13.6702995300293,15.7656002044678,0.8760115758804561
999,1476.0,1444.0,18.0713996887207,20.4489994049072,0.9072210097325318
