Source,RA_ICRS,DE_ICRS,pmRA,pmDE,Gmag,BPmRP,RUWE,epsi,sepsi,uvista_matchdistarcsec,uvista_Ymag,uvista_Jmag,uvista_Hmag,uvista_Ksmag,ukidss_matchdistarcsec,ukidss_Ymag,ukidss_Jmag,ukidss_Hmag,ukidss_Ksmag,FromPS1_Hmag,MUSEIOT_Jmag
3836037365974285184,149.96388117857,1.90247003354,-5.213,9.372,16.5835,1.17102,1.033,0.115,0.49870515,0.20166216508423798,15.407,15.124,14.631,14.503,0.07724911265155204,15.475000381469727,15.166999816894531,14.598999977111816,14.505999565124512,14.627112,15.072814
3836037499118700160,149.93519695149,1.9026099477,5.88,-5.02,19.8153,2.25374,1.091,1.148,1.0479591,0.13220758803645447,17.577,17.122,16.574,16.279,0.17889082941536583,17.58799934387207,17.6200008392334,16.483999252319336,16.26099967956543,16.476067,17.225006
3836037572132715648,149.92020788464,1.9164709642,-5.117,-2.345,17.6458,0.805422,1.012,0.0,0.0,0.1811272130665289,16.824,16.634,16.294,16.189,0.15412011169730683,16.843000411987305,16.687999725341797,16.226999282836914,16.113000869750977,16.227673,16.556849
3836042343841811200,150.03783004406,1.90813430871,-3.204,-3.978,18.5366,0.700226,1.003,0.0,0.0,0.1591398905382521,17.972,17.826,17.56,17.47,0.1682359009204573,17.969999313354492,17.738000869750977,17.4950008392334,17.357999801635742,17.478321,17.574345
3836042519935039616,150.00331981945,1.91726564474,,,21.124,1.66613,,15.736,9.025831,0.13540253736632268,17.044,16.531,15.835,15.144,0.10987648131148059,17.795000076293945,17.238000869750977,16.464000701904297,15.746000289916992,16.340897,19.088207
3836042550000243072,150.0283597903,1.91858454492,-4.737,-2.652,17.8045,0.771671,0.962,0.0,0.0,0.17749419379055462,17.019,16.839,16.528,16.414,0.17102318692949903,17.04400062561035,16.788999557495117,16.474000930786133,16.33300018310547,16.435083,16.755938
3836042588654515840,150.04096036351,1.91566321435,-7.813,-3.154,16.7269,0.878647,0.971,0.0,0.0,0.20784384662579897,15.828,15.64,15.303,15.211,0.17835612262585018,15.937000274658203,15.619000434875488,15.279000282287598,15.218000411987305,15.280001,15.551167
3836042618719787904,150.0188633512,1.92576016849,,,20.6187,1.54321,,1.142,0.25211942,0.170192286479177,18.639,18.21,17.654,17.368,0.08271450501848758,18.608999252319336,18.108999252319336,17.704999923706055,17.360000610351562,17.487494,18.708334
3836042687439130112,150.07464090684,1.91503439683,-5.737,-5.499,14.2407,0.830782,1.06,0.061,1.351256,0.1902577794279168,13.38,13.315,12.924,12.834,0.20395267073456064,13.420999526977539,13.164999961853027,12.878000259399414,12.829999923706055,12.8815775,13.121562
3836042687439411968,150.07315041175,1.91506352603,-10.697,-1.279,17.4479,0.994535,1.135,0.409,2.9010577,0.2245280783303028,16.204,15.977,15.622,15.499,0.21575031513418877,16.5,16.128999710083008,15.74899959564209,15.708999633789062,15.7719965,16.137194
3836042691733730432,150.07522587421,1.91554365337,-6.152,-5.397,18.9506,1.45637,1.046,0.733,1.3119773,0.17772770116080774,16.266,15.956,15.475,15.286,0.1717190964975199,16.80900001525879,16.277000427246094,15.689000129699707,15.45300006866455,15.639885,17.13081
3836042721798935296,150.08665514832,1.92280101137,9.598,-10.638,17.3882,1.60824,1.002,0.0,0.0,0.1466091896522194,15.877,15.524,14.933,14.757,0.18797137047160692,15.975000381469727,15.527000427246094,14.895000457763672,14.744000434875488,14.88659,15.411071
3836042893597628928,150.07327047722,1.93996099156,-2.349,-6.882,18.6626,0.722366,1.03,0.0,0.0,0.13694207374530765,18.039,17.878,17.622,17.516,0.21322406990274442,18.062000274658203,17.910999298095703,17.54400062561035,17.579999923706055,17.527143,17.673481
3836042824878151168,150.09157401706,1.93090984612,,,21.2759,1.71341,,27.446,91.15989,0.12068375664606616,17.201,16.681,16.025,15.42,0.11907913933570592,17.808000564575195,17.260000228881836,16.483999252319336,15.848999977111816,16.347712,19.192732
3836042962317105280,150.05109464452,1.93504226769,-0.67,-3.638,16.6446,1.02121,0.916,0.0,0.0,0.12788947869873912,15.606,15.382,15.001,14.893,0.18635979177029383,15.675000190734863,15.361000061035156,14.928999900817871,14.859000205993652,14.940473,15.303235
3836042996676843520,150.06128728852,1.93427334656,-1.308,-5.865,19.5866,0.633121,1.036,0.0,0.0,0.1344562487957976,18.894,18.693,18.37,18.247,0.26199488813247235,18.861000061035156,18.58300018310547,18.488000869750977,,18.31532,18.706413
3836043168475537408,150.06454294224,1.95587737512,-1.983,-5.77,20.1831,1.78113,1.017,0.0,0.0,0.1555709954190691,18.443,18.045,17.474,17.228,0.18650324666249324,18.34600067138672,18.09600067138672,17.386999130249023,17.201000213623047,17.310253,18.032915
3836043271554747776,149.99589123678,1.91290224535,,,20.7851,1.54626,,13.763,222.43118,0.16514595976786534,17.416,16.981,16.353,15.873,0.13519645337449707,17.851999282836914,17.534000396728516,16.652000427246094,16.18199920654297,16.576517,18.871582
3836043271554749056,150.00184453035,1.92018160044,-8.191,7.235,18.0982,2.46254,0.908,0.0,0.0,0.14910254579658172,15.865,15.431,14.892,14.628,0.08114716833377315,15.947999954223633,15.487000465393066,14.86400032043457,14.604999542236328,14.876282,15.328831
3836043305914486400,149.97601385742,1.91466699803,-10.566,1.667,19.7254,2.00025,1.048,0.833,0.63454264,0.21428220056376313,17.603,17.163,16.618,16.338,0.12121134960876331,17.548999786376953,17.371999740600586,16.486000061035156,16.371999740600586,16.554619,17.365166
3836043305914487296,149.96829976049,1.920158683,-21.547,-3.546,19.4718,2.66828,1.033,0.927,0.99548095,0.27731713058679486,17.305,16.855,16.309,16.011,0.2498043071718064,17.363000869750977,16.856000900268555,16.235000610351562,15.925000190734863,16.217737,16.53519
3836043305914488064,149.97597836505,1.92838598629,-0.853,1.115,18.6057,1.3301,0.964,0.0,0.0,0.15407791898810738,17.41,17.095,16.542,16.38,0.09737329747681835,17.42300033569336,17.219999313354492,16.437000274658203,16.433000564575195,16.440708,16.920523
3836043378928498432,150.00707520906,1.93533836208,-4.001,-1.867,13.6582,0.647119,1.106,0.066,2.3891566,0.18228352476629175,12.992,13.031,12.631,12.56,0.13836568685577394,12.993000030517578,12.838000297546387,12.571000099182129,12.52400016784668,12.649065,12.760815
3836043408993704704,150.02249182611,1.942601581,-9.577,-0.896,17.4251,1.03891,0.985,0.0,0.0,0.20624806499847562,16.375,16.122,15.679,15.554,0.14497415712084297,16.398000717163086,16.222999572753906,15.597000122070312,15.538999557495117,15.639191,16.063478
3836043477713181952,150.00867231912,1.94845218858,-0.426,-8.167,16.7259,0.660095,0.954,0.0,0.0,0.1451900741397558,16.046,15.907,15.65,15.564,0.18432863126080262,16.100000381469727,16.059999465942383,15.58899974822998,15.526000022888184,15.612496,15.812609
3836043512072918144,149.96544586533,1.92552287795,-4.198,-26.057,18.4507,2.07273,1.034,0.106,0.045327988,0.24544245761589747,16.552,16.156,15.64,15.393,0.3487828274049192,16.601999282836914,16.19300079345703,15.621999740600586,15.32800006866455,15.487736,16.02327
3836043546432658048,149.97717055544,1.94066746484,-2.683,-14.412,19.8683,1.53236,0.993,0.0,0.0,0.22704707226700477,18.727,18.418,17.919,17.686,0.19707628127092272,18.867000579833984,18.36199951171875,17.899999618530273,17.57699966430664,17.837898,17.96916
3836043615152135936,149.96656036275,1.95090524881,-11.864,0.189,17.8157,2.07271,1.135,0.404,1.6781714,0.16431984867604804,15.859,15.454,14.879,14.634,0.11141972324258138,15.930000305175781,15.527000427246094,14.854999542236328,14.618000030517578,14.848181,15.388287
3836043619446667648,149.96560825568,1.95623961384,-11.17,4.215,17.6658,1.6332,0.991,0.0,0.0,0.20093271125135015,16.107,15.75,15.167,14.96,0.10485223613943034,16.156999588012695,15.824000358581543,15.114999771118164,14.92199993133545,15.067353,15.663288
3836043791245214336,150.02466041165,1.94811719102,,,20.375,0.622623,,0.0,0.0,0.15807452640429295,19.137,18.811,18.324,18.094,0.15671529110329888,19.059999465942383,18.476999282836914,18.12299919128418,18.10099983215332,18.086103,19.50774
3836043821310567040,150.03515953826,1.96041790434,-5.765,-3.816,20.2381,0.769711,1.023,0.404,0.06224506,0.17383710624326054,19.452,19.235,18.852,18.736,0.18567742271623353,19.600000381469727,18.586999893188477,18.777999877929688,18.445999145507812,18.651064,19.19189
3836043855670305664,150.01390505663,1.9607165758,-11.628,-1.389,17.8342,1.53153,0.93,0.0,0.0,0.19916954135738324,16.393,16.052,15.448,15.279,0.14296627343737714,16.45199966430664,16.117000579833984,15.40999984741211,15.26099967956543,15.406508,15.935922
3836043855670305536,150.01235372314,1.96171954155,0.319,6.871,17.4152,2.26247,0.934,0.0,0.0,0.14583111603143073,15.38,14.977,14.459,14.212,0.05264448592676615,15.446000099182129,15.006999969482422,14.425999641418457,14.166999816894531,14.354763,14.817229
3836043924389782656,150.05064069471,1.96410669577,-0.049,-11.883,17.3376,1.34882,1.457,0.627,7.2328463,0.1498553441884042,15.899,15.587,15.065,14.91,0.20617964010244008,15.958999633789062,15.569999694824219,15.02400016784668,14.904000282287598,15.005438,15.63225
3836044027468999040,150.05112426334,1.98942436802,,,21.2744,1.63036,,16.803,15.487396,0.0657229894403602,16.249,15.735,15.072,14.467,0.16620937882765785,17.445999145507812,16.87299919128418,16.149999618530273,15.534000396728516,15.587856,19.274769
3836044096188635520,150.01623670457,1.98371857757,,,20.8068,2.33763,,4.485,1.9314907,0.19170025985992917,18.49,18.007,17.423,17.046,0.10552466344775288,18.57200050354004,17.999000549316406,17.354999542236328,16.93000030517578,17.374916,18.143429
3836044134843004544,150.00035150732,1.97857727375,,,20.993,1.16802,,20.803,21.416405,0.14493690488317107,16.798,16.392,15.76,15.343,0.08588403330218533,17.55699920654297,17.461000442504883,16.388999938964844,15.946000099182129,16.1594,19.485657
3836044169202480640,149.9994458402,1.98924105976,-15.693,-18.343,14.496,0.854227,1.27,0.124,4.3377166,0.2409150343622419,13.589,13.517,13.072,12.977,0.2690536877364409,13.62399959564209,13.383999824523926,13.031999588012695,12.949999809265137,13.071245,13.34908
3836044199267690496,150.02338830699,1.98303373937,-62.519,-9.456,19.9772,0.080769,0.909,0.0,0.0,0.49796845968470016,19.902,19.929,19.847,19.861,,,,,,19.470192,19.809492
3836044203561860480,150.03103798612,1.99279110533,,,20.5175,,,3.104,1.65061,,,,,,,,,,,,
3836044199267691776,150.03114721926,1.99301946778,-14.174,-1.965,18.2694,2.03275,1.049,0.432,0.9977195,0.15397943664208472,16.219,15.822,15.213,14.987,0.09534601252467205,16.350000381469727,16.104999542236328,15.222999572753906,14.994999885559082,15.269282,15.878895
3836044233627456512,150.03996191124,1.99162253321,,,20.8047,0.355047,,0.0,0.0,0.11797551866561025,20.097,19.875,19.523,19.46,0.21561484459876384,19.934999465942383,19.476999282836914,19.15399932861328,,19.463804,20.274965
3836044233627431424,150.04087950623,2.00027349678,-10.159,7.967,16.9501,1.28322,0.878,0.0,0.0,0.1724697581307892,15.555,15.267,14.764,14.629,0.13427206620183843,15.715999603271484,15.381999969482422,14.82800006866455,14.654999732971191,14.782687,15.315776
3836044233627356288,150.04142521737,2.00309532697,-7.845,1.862,12.3242,0.604387,1.115,0.096,9.45263,0.15080341018108434,11.965,12.186,11.681,11.563,0.14837920429880536,11.689000129699707,11.524999618530273,11.347999572753906,11.270000457763672,11.364059,11.479454
3836044233627608704,150.04013061477,2.00351908635,-7.535,1.921,18.3709,1.97824,0.871,0.0,0.0,0.17770109970467085,15.899,15.576,15.085,14.842,0.1575094579725863,16.29800033569336,15.930999755859375,15.17300033569336,14.970000267028809,11.245902,16.031296
3836044306641289088,150.03621713603,2.00293262863,,,20.8464,2.33264,,0.0,0.0,0.15807781051088057,19.088,18.736,18.139,17.935,0.08383740807656054,19.14699935913086,18.71299934387207,18.017000198364258,18.075000762939453,17.847252,18.18733
3836044306641433600,150.02875739143,2.00594883304,-17.805,-35.972,20.0281,2.0979,1.009,0.591,0.1712278,0.31436012340459635,18.091,17.688,17.174,16.92,0.30662062508154847,18.291000366210938,17.64900016784668,17.106000900268555,16.8700008392334,17.001173,17.577599
3836044714663766144,150.08910230293,1.98477755647,-7.38,-25.77,19.3651,3.16758,1.02,0.0,0.0,0.28723467069872993,16.731,16.21,15.711,15.396,0.36516661852533233,16.79400062561035,16.18199920654297,15.66100025177002,15.331000328063965,15.644249,16.060642
3836044714663766912,150.09812637809,1.99046823289,-41.947,-22.927,17.7457,2.50117,0.973,0.0,0.0,0.4377263865526438,15.45,15.006,14.478,14.21,,,,,,14.464896,14.944232
3836044718958326016,150.09254336739,1.99002031857,-8.168,8.81,13.3053,0.697327,0.979,0.0,0.0,0.15585763791541493,12.615,12.68,12.21,12.127,0.1972799577370792,12.572999954223633,12.366000175476074,12.114999771118164,12.072999954223633,12.167728,12.346571
3836045474872537728,150.08398953536,1.98964220765,3.464,-10.032,16.8221,1.15198,1.502,0.493,7.4394283,0.18989950587328905,15.606,15.329,14.876,14.738,0.2219475097112219,15.708999633789062,15.317000389099121,14.829999923706055,14.73799991607666,14.808619,15.3326645
3836045470578037888,150.08783690822,1.99230042573,,,20.7536,0.653564,,1.683,0.42342657,0.20086844727745576,19.826,19.537,19.056,18.874,0.26382140008159094,19.704999923706055,19.20199966430664,18.990999221801758,,18.920801,19.848309
3836045470578010880,150.08141380765,1.99052308887,-1.917,-4.522,18.4545,1.20136,1.044,0.418,0.8017993,0.15609427248132413,17.321,17.035,16.556,16.426,0.1736464043289398,17.316999435424805,16.968000411987305,16.458999633789062,16.3439998626709,16.460611,16.910112
3836045470578011136,150.09025824553,1.99209627033,-8.309,8.78,19.657,1.9185,0.997,0.0,0.0,0.18620603156530321,17.454,17.025,16.51,16.254,0.2006914077355222,17.599000930786133,17.014999389648438,16.47800064086914,16.172000885009766,16.457512,17.373919
3836045573657227136,150.09074931745,1.99997507427,,,20.8226,1.75004,,21.656,27.784243,0.20353532675413213,15.79,15.236,14.571,13.917,0.15156066941332433,17.047000885009766,16.405000686645508,15.63700008392334,14.991000175476074,15.327745,18.703058
3836045577951784576,150.09667533094,2.00417746486,,,21.0032,1.6578,,17.66,36.8718,0.15429764427466824,17.779,17.23,16.574,15.922,0.12269148038211494,18.106000900268555,17.472999572753906,16.756999969482422,16.12700080871582,16.739311,18.975803
3836045642376705408,150.07566023848,2.01335065748,2.243,-5.761,18.8772,0.779495,0.997,0.0,0.0,0.14568313233836308,18.011,17.815,17.513,17.353,0.1352014574530911,18.136999130249023,17.88599967956543,17.51799964904785,17.700000762939453,17.506123,17.819252
3836045715390348288,150.05435504259,1.99964528112,,,20.6901,1.61042,,28.992,64.84029,0.2108012334534748,14.548,14.027,13.316,12.855,0.22486769435350787,15.909000396728516,15.291999816894531,14.52400016784668,14.069999694824219,13.957063,18.710747
3836045745455920640,150.05890989822,2.01513480965,-0.072,0.096,19.555,0.142803,1.098,1.059,1.1872392,0.14080386469261316,18.705,18.481,17.97,17.335,0.10858607401586726,18.66200065612793,18.46500015258789,17.96500015258789,17.04800033569336,18.125639,19.303991
3836045814175397632,150.04716620256,2.01848118815,-3.175,0.759,17.331,0.712101,1.07,0.344,2.2108045,0.1393929042414563,16.615,16.47,16.209,16.124,0.16523189146807027,16.64299964904785,16.40999984741211,16.13599967956543,16.117000579833984,16.126474,16.354322
3836045814175451776,150.05717995015,2.02601316077,-15.16,1.502,20.4527,2.42147,1.04,1.221,0.4274894,0.24589778180744742,17.975,17.498,16.954,16.672,0.26098795890383275,18.04800033569336,17.474000930786133,16.89299964904785,16.652999877929688,16.839014,17.71781
3836045848535136256,150.07128056793,2.02086961079,-4.394,6.592,19.7771,2.19288,1.049,1.113,0.9105653,0.15717524608088698,17.973,17.56,16.978,16.73,0.15794201533982677,17.947999954223633,17.46500015258789,16.891000747680664,16.67799949645996,16.870062,17.240774
3836045852829513856,150.08254919944,2.02491171441,,,20.588,1.40285,,0.0,0.0,0.2246503526511132,19.412,19.089,18.577,18.45,0.16713928259452385,19.45599937438965,19.347999572753906,18.577999114990234,,18.77183,18.824846
3836045852829922688,150.07727782288,2.02420109747,,,20.6103,1.71519,,9.947,13.9741955,0.1726068998913255,17.0,16.479,15.838,15.196,0.1471461824977888,17.48699951171875,16.90399932861328,16.177000045776367,15.548999786376953,16.028805,18.525356
3836045882894875136,150.08340927328,2.0255360203,-7.743,-3.269,18.5856,1.84087,1.009,0.294,0.3880197,0.20668817222036176,16.987,16.609,16.038,15.831,0.20023389466110902,17.016000747680664,16.58099937438965,15.956999778747559,15.788999557495117,15.937475,16.377121
3836045882894875264,150.08316433509,2.0294351732,0.453,-4.049,18.5667,0.641611,1.012,0.139,0.0765307,0.17032054713167546,17.989,17.824,17.571,17.49,0.13384994023912694,18.03700065612793,17.729999542236328,17.368999481201172,17.427000045776367,17.512909,17.676077
3836225343807959680,149.91986867849,1.92749492197,-3.763,-4.254,18.4666,1.39795,1.088,0.527,1.1218626,0.177641450785507,17.119,16.779,16.19,16.02,0.14092865426848858,17.11199951171875,16.801000595092773,16.101999282836914,15.960000038146973,16.098543,16.708664
3836225343807959808,149.92128530814,1.92892486751,,,20.4022,1.07444,,2.083,1.004073,0.17789711958215065,18.774,18.382,17.805,17.554,0.2015906388123041,18.70199966430664,18.240999221801758,17.67300033569336,17.739999771118164,17.684399,19.000118
3836225378167699712,149.92634611531,1.93644057782,10.144,-19.649,19.6164,2.32132,1.073,0.976,0.848571,0.15606854603802583,17.105,16.617,16.052,15.748,0.28985527866992555,17.179000854492188,16.716999053955078,16.010000228881836,15.704000473022461,16.101034,16.967115
3836225378167976704,149.93788661483,1.93713145785,,,20.6919,1.01412,,0.0,0.0,0.15990281213888669,19.877,19.601,19.175,19.012,0.10094847275085958,19.983999252319336,19.600000381469727,,,19.038927,19.358667
3836225378169324544,149.93514817873,1.94489170236,-3.572,-1.322,17.9657,0.8587,1.027,0.0,0.0,0.16617646310217085,17.169,17.007,16.692,16.595,0.11498455526614423,17.231000900268555,17.256000518798828,16.55699920654297,16.576000213623047,16.657108,16.813492
3836225382462537216,149.93371596978,1.94628273067,,,20.8269,1.90835,,2.682,0.74844486,0.12339382598148536,18.489,18.038,17.532,17.241,0.16868243843185068,18.427000045776367,18.04400062561035,17.54400062561035,17.19300079345703,17.367037,18.5535
3836225416822277760,149.90888947894,1.94117851972,,,21.049,0.116266,,0.0,0.0,0.13068944481748324,20.447,20.227,19.832,19.725,,,,,,,20.833523
3836225451182211456,149.9188402375,1.94403334467,-2.142,-0.38,19.7109,1.12864,0.997,0.0,0.0,0.1478750267923291,18.927,18.703,18.344,18.219,0.07578988138126237,18.819000244140625,18.67300033569336,18.35099983215332,18.238000869750977,18.167406,18.247622
3836225446887180800,149.92613989672,1.95251154528,-0.831,-3.502,19.0533,0.68306,0.986,0.0,0.0,0.27812092615090356,18.35,18.162,17.826,17.63,0.14852656304830453,18.31100082397461,18.108999252319336,17.98200035095215,17.736000061035156,17.852127,18.111948
3836225451182211200,149.91658567109,1.95349071452,-5.096,-1.151,14.7528,0.778376,0.985,0.0,0.0,0.16532032466937463,13.917,13.782,13.472,13.391,0.11303279985686174,13.991000175476074,13.734000205993652,13.465999603271484,13.388999938964844,13.469876,13.696194
3836225618685871872,149.90418561622,1.94851590623,4.371,-10.219,19.4526,1.55338,1.005,0.455,0.29371327,0.1518421168190098,17.934,17.564,16.948,16.728,0.21752636613595025,17.937999725341797,17.535999298095703,16.825000762939453,16.76799964904785,16.84585,17.531733
3836231253684598656,149.94163497011,1.94863095605,,,21.1308,1.53072,,4.243,0.9613043,0.15043566224469795,19.029,18.571,18.022,17.725,0.11310982966077157,19.235000610351562,18.527000427246094,17.961999893188477,17.716999053955078,17.913416,19.23336
3836225378167702144,149.93567650802,1.94518366441,-3.271,-1.429,18.0224,0.757374,0.994,0.0,0.0,0.15117122724577153,17.19,17.019,16.726,16.636,0.11895666100582096,17.246000289916992,17.049999237060547,16.66200065612793,16.584999084472656,16.718481,16.99102
3836231391121922048,149.96790375353,1.97205519123,-2.107,-45.543,18.8047,1.92144,0.944,0.0,0.0,0.32822659099268126,17.071,16.69,16.171,15.923,0.47470370654096994,17.097999572753906,16.843000411987305,16.089000701904297,15.871999740600586,15.973846,16.518822
3836231429776684800,149.97236835498,1.98419654729,-14.27,-2.847,19.6231,2.51526,1.004,0.715,0.5901187,0.20685241281009326,17.467,17.028,16.507,16.228,0.12503236748208033,17.44700050354004,17.0939998626709,16.40399932861328,16.111000061035156,16.35471,16.810005
3836231494202805632,149.96513233172,1.99244205434,,,20.8191,2.34335,,1.129,0.14601015,0.1486211306683372,18.889,18.452,17.921,17.651,0.14540544172541292,18.906999588012695,18.423999786376953,17.812999725341797,17.621000289916992,17.609978,18.150799
3836231631640094208,149.92016443456,1.98611415372,-3.962,-6.864,18.4959,0.801704,0.982,0.0,0.0,0.14802120093566565,17.836,17.662,17.344,17.244,0.21939487602844268,17.551000595092773,17.773000717163086,17.211000442504883,17.18199920654297,17.267029,17.411383
3836231665999832448,149.93934244419,1.98627390471,-7.628,-4.692,19.1463,1.29786,0.989,0.0,0.0,0.17267644759003886,18.016,17.702,17.145,16.993,0.10627417690547986,17.996000289916992,17.792999267578125,17.003999710083008,16.858999252319336,17.058765,17.496044
3836231700359572096,149.95392811711,1.99058567269,-2.474,-3.96,19.0877,0.992697,0.996,0.0,0.0,0.10496489867977876,18.214,17.968,17.568,17.427,0.08044105758749372,18.195999145507812,18.020000457763672,17.499000549316406,17.395000457763672,17.481956,17.77911
3836231700359573120,149.94649102198,1.99463338534,-1.727,-4.97,16.1576,0.932091,1.081,0.141,1.3177572,0.11702617267513019,15.192,14.987,14.614,14.516,0.08978649809890658,15.25,14.994000434875488,14.58899974822998,14.494999885559082,14.59004,14.919262
3836231739014361728,149.9358681567,1.99514613815,-5.395,-1.514,20.1418,1.04158,0.948,0.0,0.0,0.11191661659017312,19.585,19.403,19.106,19.038,0.10271940607214197,19.452999114990234,,,,18.865005,18.777128
3836231734720930176,149.93886699787,1.99477127274,,,20.7888,1.87699,,2.643,0.90382683,0.18719752381467583,18.943,18.506,17.965,17.714,0.14730617368196286,18.920000076293945,18.440000534057617,17.923999786376953,17.597000122070312,17.783422,18.545446
3836231734719278976,149.93041960273,1.99888401395,4.478,-4.146,13.0079,0.843469,1.107,0.089,6.6093454,0.10492121947590045,12.363,12.559,11.996,11.929,0.1143022511067885,12.152999877929688,11.914999961853027,11.614999771118164,11.531999588012695,11.656587,11.873714
3836231803438784640,149.98304356216,1.98034553888,-9.228,-2.291,17.1213,1.05373,0.978,0.0,0.0,0.1947877855486187,16.065,15.82,15.381,15.264,0.11339459475746892,16.118000030517578,15.732000350952148,15.347999572753906,15.218000411987305,15.330949,15.742768
3836231837798527232,149.99593750777,1.99884924642,-1.324,-3.664,20.5912,1.10163,0.943,0.0,0.0,0.14070791679825728,19.716,19.435,18.989,18.852,0.09000210264534309,19.50200080871582,,18.702999114990234,,18.898424,19.158339
3836231910813021312,149.97715175402,2.00485719605,,,21.5208,1.34011,,44.146,34.36384,0.31740939254246087,15.193,14.807,14.2,13.812,0.15019388748970017,17.742000579833984,17.283000946044922,16.459999084472656,16.07900047302246,16.009062,19.824825
3836231940877743616,150.00561588955,2.00636642263,7.834,-13.832,17.4792,0.712444,1.015,0.0,0.0,0.13671637559219585,16.8,16.648,16.357,16.267,0.22974522784780477,16.76799964904785,16.795000076293945,16.285999298095703,16.22100067138672,16.292519,16.502108
3836231975237483520,150.02269927489,2.01245777321,0.769,-1.058,19.4713,2.42261,0.956,0.0,0.0,0.10762582806232587,17.374,16.952,16.344,16.083,0.1341600861573517,17.37700080871582,17.20199966430664,16.270000457763672,16.062999725341797,16.268995,16.735447
3836232078318355712,149.96403445564,1.99871265113,,,20.7729,1.59942,,0.0,0.0,0.13288224463306378,18.93,18.51,17.903,17.641,0.0343644127971655,18.96299934387207,18.395999908447266,17.77199935913086,17.527000427246094,17.785011,18.804771
3836232112676439552,149.97143981775,2.01978967869,-1.047,-5.662,17.5281,1.73314,0.995,0.0,0.0,0.17350951988932273,15.875,15.506,14.901,14.694,0.10697035799230672,15.925000190734863,15.510000228881836,14.878000259399414,14.670000076293945,14.872023,15.425303
3836232147036176256,149.94593041277,2.01590526259,,,20.2873,1.44619,,0.0,9.411368e-16,0.19152245939613208,18.374,17.951,17.387,17.132,0.1467263626883057,18.402999877929688,18.22100067138672,17.243999481201172,17.00200080871582,17.273993,18.478235
3836232185690928128,149.9678725136,2.01933913942,,,15.3831,0.810143,,7.403,5290.05,0.10566099669792448,14.492,14.321,14.01,13.924,0.08503191917371691,14.560999870300293,14.369000434875488,13.994999885559082,13.913999557495117,14.021639,14.288518
3836232185690927872,149.96411435684,2.03245331723,-52.954,1.668,15.9864,2.28816,1.012,0.0,1.502134e-15,0.3954354867750826,13.802,13.52,12.836,12.629,0.43784065656538346,13.925999641418457,13.440999984741211,12.869999885559082,12.593000411987305,12.866873,13.365939
3836232215755655040,149.99368075313,2.02199957403,0.693,-1.849,17.5085,1.46968,1.049,0.261,1.0995374,0.12779933693351228,16.098,15.765,15.186,15.032,0.08133884479697659,16.163999557495117,15.932999610900879,15.159000396728516,15.024999618530273,15.132973,15.674722
3836232220050666112,149.98297001975,2.02714082607,-7.821,-1.937,17.7731,1.63412,0.991,0.0,0.0,0.18944643295409008,16.222,15.859,15.256,15.074,0.08939397909079777,16.285999298095703,15.82699966430664,15.232000350952148,15.055999755859375,15.196798,15.769655
3836232254410072064,149.99847286367,2.03957128588,-4.648,1.292,19.9773,2.00496,1.054,1.334,1.117314,0.14159041311114146,18.1,17.672,17.065,16.794,0.06856356687651553,18.07200050354004,17.68400001525879,17.02899932861328,16.72100067138672,16.979935,17.612665
3836232288770175360,149.98115107325,2.03068830257,-16.38,-3.692,19.9565,2.01673,1.023,1.027,0.65123206,0.2031129772374307,17.94,17.503,16.925,16.652,0.17005734235540296,17.93899917602539,17.413999557495117,16.908000946044922,16.562000274658203,16.852942,17.580887
3836232284475136000,149.96950531828,2.03135462505,-2.833,0.962,18.836,2.38951,0.986,0.721,1.3548294,0.10922530229252288,16.639,16.201,15.642,15.378,0.03408144282222646,16.695999145507812,16.548999786376953,15.628999710083008,15.331999778747559,15.62807,16.128193
3836232284476797312,149.97067514087,2.03638243959,,,20.6496,1.17841,,0.0,0.0,0.1341113870675645,18.802,18.375,17.77,17.502,0.06283714297247874,18.804000854492188,18.201000213623047,17.722999572753906,17.549999237060547,17.675104,19.130688
3836232284476803072,149.97423323706,2.04185696896,,,20.9659,1.65026,,4.007,3.1166556,0.283637789314313,18.614,18.167,17.651,17.361,0.06536895568422071,18.834999084472656,18.16900062561035,17.799999237060547,17.3799991607666,17.601862,18.946117
3836232323129880832,149.97708434645,2.04141000487,-5.853,-9.44,16.6082,1.5278,1.027,0.0,0.0,0.1743601844814574,15.14,14.797,14.206,14.046,0.06569856950327688,15.847000122070312,14.989999771118164,14.305000305175781,14.015999794006348,14.180444,14.713787
3836232529288312960,149.93613461763,2.01255885568,2.551,1.501,17.7235,1.29379,1.001,0.0,0.0,0.10448178020606243,16.474,16.168,15.627,15.482,0.05731764131331457,16.493999481201172,16.358999252319336,15.565999984741211,15.414999961853027,15.575425,16.077667
3836232524993297792,149.93860081127,2.01331197063,-11.926,-3.463,20.0385,1.71692,1.021,0.559,0.19543995,0.0724774398628133,17.677,17.214,16.666,16.372,0.09570977684838503,17.704999923706055,17.371000289916992,16.621999740600586,16.36199951171875,16.664532,17.951832
3836232524996672896,149.92397660348,2.01714113343,,,20.3909,0.504837,,0.0,0.0,0.11853240690184573,19.674,19.475,19.106,18.96,0.1971169078721385,19.964000701904297,,,,19.086752,19.670313
3836232593712778496,149.92230800142,2.02528122165,-5.022,-2.372,19.1169,1.99643,1.061,0.0,0.0,0.116948921771636,17.388,16.999,16.359,16.137,0.04600206028549353,17.3700008392334,16.87700080871582,16.290000915527344,16.121000289916992,16.30072,16.760239
3836232765511470592,149.90599193683,2.0257858464,-15.849,-12.098,19.0876,2.80213,1.086,0.841,1.5560238,0.21932833341323957,16.56,16.065,15.542,15.23,0.14744510929411234,16.60099983215332,15.958000183105469,15.491999626159668,15.156000137329102,15.515229,16.047098
3836232902950421376,149.94150427028,2.01783598178,-11.465,0.392,18.0977,1.51249,1.012,0.168,0.22101556,0.179825730603805,16.662,16.32,15.718,15.549,0.06838719279431428,16.69499969482422,16.503999710083008,15.680999755859375,15.515999794006348,15.652256,16.219189
3836232902952035968,149.93966844369,2.01979228916,,,20.9601,1.22135,,0.0,0.0,0.11879449722619703,19.483,19.074,18.457,18.237,0.059169663168743954,19.4060001373291,19.183000564575195,18.29599952697754,18.06100082397461,18.28964,19.393616
3836232937310163456,149.95583981478,2.02804954338,-0.742,0.121,19.1838,0.635145,1.048,0.493,0.48233,0.10754292902016686,18.312,18.024,17.566,16.958,0.04775412507067757,18.167999267578125,17.95599937438965,17.31999969482422,16.843000411987305,17.6265,18.301125
3836232941605172096,149.96326374393,2.03342252772,-52.996,1.618,14.0404,1.56476,1.026,0.036,0.5611458,0.40387095474273976,12.636,12.681,11.954,11.837,0.4364260267214433,12.553999900817871,12.175999641418457,11.567000389099121,11.406999588012695,11.55314,12.107808
3836232937310165760,149.94838804652,2.03252004262,-2.127,-9.933,16.2525,0.773348,1.042,0.047,0.13893667,0.14460596369100503,15.433,15.268,14.973,14.886,0.09166268400275251,15.48799991607666,15.324999809265137,14.937999725341797,14.847999572753906,14.953471,15.201924
3836232971669903488,149.92915605457,2.03148741888,2.997,-11.965,19.6688,1.96449,1.005,0.642,0.4270671,0.11841211444559464,17.926,17.522,17.007,16.757,0.12969123215882444,17.92099952697754,17.365999221801758,16.985000610351562,16.702999114990234,16.58933,17.342138
3836233006029646720,149.94805728336,2.04205284765,-10.413,13.987,19.1468,2.2932,0.872,0.0,0.0,0.17868177472498167,17.192,16.774,16.226,15.96,0.130157352462795,17.23200035095215,16.732999801635742,16.201000213623047,15.934000015258789,16.06096,16.52194
3836233006029648256,149.93979157735,2.04576052953,-4.186,-2.233,20.2769,1.49504,0.96,0.0,0.0,0.33246742599535317,18.729,18.365,17.737,17.484,0.1100394219861199,18.881999969482422,18.423999786376953,17.81599998474121,17.679000854492188,17.712408,18.416574
3836233109108863744,149.9570156845,2.04766164117,-4.318,2.363,19.7279,2.07103,1.095,0.661,0.44208205,0.12046760038643772,17.834,17.422,16.811,16.553,0.0820529940207088,17.82200050354004,17.363000869750977,16.76099967956543,16.481000900268555,16.703154,17.30203
3836233109108865536,149.95806169121,2.0523692717,-67.837,10.898,17.2052,2.15041,0.995,0.115,0.27636382,,,,,,,,,,,14.202198,14.707009
3836233212188333568,149.93785818755,2.05026094592,,,20.5444,0.919172,,0.0,0.0,0.13475875810292617,19.776,19.524,19.118,18.96,0.11522124193346574,20.77199935913086,,,,19.09596,19.321138
3836233212188081408,149.92939106969,2.05489137631,-5.095,1.422,16.5193,0.608768,1.051,0.14,0.90793025,0.12728857277615976,15.883,15.773,15.552,15.48,0.09303924634609816,15.95199966430664,15.737000465393066,15.491000175476074,15.463000297546387,15.512011,15.669139
3836233280909106560,149.91299290416,2.06309881361,,,20.8164,1.67894,,0.79,0.06651966,0.14791080066985757,19.172,18.794,18.265,17.99,0.09515797673550411,19.35300064086914,,18.149999618530273,18.22599983215332,17.850788,18.767723
3836233315267297664,149.93575096733,2.05903903102,-15.113,-5.722,16.9302,1.92815,1.035,0.11,0.36869895,0.20719966825166605,15.125,14.743,14.147,13.918,0.18435942287057158,15.175999641418457,14.718000411987305,14.102999687194824,13.892999649047852,14.096134,14.637938
3836233452706236672,150.03263134762,2.0235960874,,,21.2328,1.60022,,18.514,16.132208,0.10463395938298786,17.436,16.933,16.281,15.639,0.14257124700508203,18.082000732421875,17.510000228881836,16.722000122070312,16.15999984741211,16.65416,19.263855
3836233521425716864,150.0133761385,2.02955758899,,,20.1034,1.44263,,17.297,105.530304,0.1788983995440125,14.412,13.961,13.305,12.9,0.09508094168596888,15.84000015258789,15.51099967956543,14.54800033569336,14.170999526977539,14.109492,18.298092
3836233521427452160,150.0143315601,2.03068587591,,,20.7717,1.76632,,0.0,0.0,,,,,,0.09406003966278492,18.729000091552734,,17.54199981689453,17.239999771118164,,18.63609
3836233560080458624,150.03870868001,2.04250341494,-10.14,4.927,17.3211,1.0293,1.003,0.0,0.0,0.16746149163448534,16.305,16.064,15.631,15.525,0.14589020813833503,16.35700035095215,16.023000717163086,15.574000358581543,15.480999946594238,15.6043625,15.9704685
3836233590145645056,150.04964033745,2.04042207663,,,20.8643,2.04448,,4.504,1.8819656,0.1523254225194506,18.681,18.22,17.652,17.382,0.15174566307450554,18.697999954223633,18.152000427246094,17.58099937438965,17.284000396728516,17.559412,18.462925
3836233590145199360,150.0481264993,2.04243357145,-6.626,0.418,17.9239,1.27406,0.972,0.0,1.5459372e-15,0.1653026814604661,16.687,16.381,15.847,15.711,0.15579291948841492,16.735000610351562,16.367000579833984,15.805999755859375,15.687000274658203,15.789747,16.299568
3836233590146990336,150.05121474294,2.04717688325,,,20.9115,2.09889,,5.672,6.055008,0.3170910705140848,18.417,17.9,17.407,17.105,0.40725508426454465,18.35700035095215,17.79800033569336,17.32900047302246,16.906999588012695,17.315964,18.460094
3836233624504942464,150.06225161232,2.05794458353,-0.501,-1.796,20.0583,0.636612,0.971,0.117,0.0066657,0.1389758059508689,19.446,19.257,18.984,18.87,0.10982429289196405,19.7810001373291,,,,18.914356,19.17382
3836233663159673344,150.04434889402,2.05276067702,21.27,-5.806,16.1748,1.30063,1.028,0.066,0.27156112,0.07706457240071118,14.886,14.588,14.052,13.925,0.20987230759913034,14.954999923706055,14.569000244140625,14.01099967956543,13.899999618530273,14.034523,14.521537
3836233658864678528,150.03674992332,2.05061895281,-9.297,-5.495,19.3027,2.42585,0.971,0.0,0.0,0.1757467656464988,17.308,16.902,16.366,16.123,0.17234788844675825,17.304000854492188,16.886999130249023,16.32200050354004,16.05699920654297,16.235931,16.564116
3836233697519119744,150.05691993883,2.06152223741,-3.086,-2.659,20.033,2.26366,1.057,1.14,0.65264636,0.14073230575831958,18.013,17.609,17.088,16.848,0.15525133439634428,18.100000381469727,17.62700080871582,16.993999481201172,16.761999130249023,16.918205,17.433987
3836234041116793216,150.09167407619,2.07086092857,-17.134,7.83,15.1039,1.70789,1.399,0.224,7.744878,0.2450470837193187,13.425,13.143,12.498,12.304,0.2559247338505654,13.468000411987305,13.086000442504883,12.454000473022461,12.258000373840332,12.423309,13.026239
3836234041116984832,150.07767473844,2.06926057756,,,21.0595,1.76579,,16.348,16.277845,0.11927713350708623,17.091,16.562,15.872,15.168,0.14377031448877797,17.816999435424805,17.176000595092773,16.368999481201172,15.692000389099121,16.18649,18.92441
3836234071181961216,150.06494750521,2.07280841273,-3.282,-7.395,20.711,2.07645,1.124,3.55,2.0767286,0.18429316475167554,17.888,17.308,16.809,16.457,0.165695252914742,17.863000869750977,17.347999572753906,16.698999404907227,16.309999465942383,,18.280151
3836234109836270464,150.07638439054,2.07478422123,-6.259,-1.555,17.0199,1.40541,1.007,0.0,0.0,0.185492229113851,15.639,15.307,14.757,14.598,0.17718831719622086,15.713000297546387,15.305999755859375,14.711999893188477,14.5649995803833,14.725848,15.254022
3836234242980246400,150.08753345548,2.09715122742,-9.468,-11.336,18.257,0.944239,1.086,0.083,0.043853126,0.22576785506396557,17.33,17.103,16.745,16.61,0.255372850262836,17.357999801635742,17.062999725341797,16.6560001373291,16.486000061035156,16.636019,17.004515
3836234277339979648,150.0443354796,2.0831418534,-12.556,-2.031,15.6483,1.55642,1.038,0.062,0.41146675,0.15901592623986627,14.142,13.821,13.225,13.059,0.16445783673383166,14.208999633789062,13.8149995803833,13.196000099182129,13.026000022888184,13.176132,13.7242985
3836234552217881728,149.98509204067,2.06876152846,-3.87,-9.308,15.332,0.826117,0.911,0.0,0.0,0.22048088912247615,14.439,14.27,13.951,13.868,0.08809766550531335,14.503999710083008,14.227999687194824,13.928999900817871,13.883999824523926,13.963317,14.218405
3836234620937357568,149.97779485544,2.06720646761,-14.073,-2.771,19.4032,1.90953,0.903,0.0,1.5192043e-15,0.1624233719905762,17.494,17.095,16.52,16.282,0.08306687648541901,17.562999725341797,17.05699920654297,16.447999954223633,16.26300048828125,16.409931,17.128674
3836234659592087296,149.98234913581,2.08218276475,-40.91,-69.627,15.4725,1.45786,1.006,0.042,0.2224749,,,,,,,,,,,13.101314,13.651144
3836234693951825408,150.0015761023,2.07628264578,-3.533,1.865,18.3696,1.54748,1.074,0.086,0.041120037,0.1614783627960244,16.869,16.517,15.894,15.709,0.019552451656051996,16.924999237060547,16.46500015258789,15.843000411987305,15.67300033569336,15.847601,16.45482
3836234693951661312,150.00988092522,2.08641754045,,,20.6669,1.93654,,0.0,0.0,0.26318964822764684,18.457,17.998,17.483,17.203,0.20194258025004377,18.4060001373291,17.898000717163086,17.367000579833984,17.073999404907227,17.33342,18.36667
3836234724016583808,150.01809960004,2.09738299298,-3.63,-3.413,18.5164,1.10382,0.886,0.0,0.0,0.11203733242743594,17.377,17.12,16.66,16.504,0.052093802090260016,17.445999145507812,17.15399932861328,16.606000900268555,16.506999969482422,16.665283,17.081066
3836234758376564480,150.00059579161,2.08734642147,,,20.847,1.32526,,0.0,0.0,0.11485854735759614,20.154,19.948,19.621,19.49,0.24799102879979026,20.81399917602539,,,,,19.167051
3836234792736060416,150.01632178305,2.09738363218,-11.452,-3.795,15.5395,0.926039,1.078,0.132,2.1161473,0.19687962911976334,14.573,14.368,14.011,13.909,0.11154067042512994,14.633999824523926,14.35099983215332,13.980999946594238,13.904999732971191,14.006332,14.308221
3836234827097435648,149.97018309633,2.08275083551,-21.993,18.749,18.4943,2.33584,1.106,0.531,1.3565131,0.2578673836354934,15.726,15.415,14.9,14.691,0.2328779758408555,16.191999435424805,15.595000267028809,15.140000343322754,14.920999526977539,,15.832471
3836234865750518272,149.97044897543,2.08352221506,-22.077,18.903,13.9834,1.08551,1.058,0.006,0.015159526,0.25092814182405065,12.922,12.968,12.31,12.252,0.2301731773577472,12.925000190734863,12.545000076293945,12.102999687194824,12.027999877929688,12.17633,12.5687685
3836234895815273472,149.95453431176,2.09092903033,-5.537,-1.803,19.7068,2.07104,1.036,0.784,0.6141342,0.12985307879833893,17.694,17.258,16.622,16.349,0.057645434539676445,17.68400001525879,17.18199920654297,16.52199935913086,16.30299949645996,16.594389,17.280922
3836236235845062144,149.90498942012,2.06992342868,3.344,-3.958,20.0829,1.80171,1.001,0.0,0.0,0.2702321703498854,18.071,17.644,17.082,16.769,0.09219841891720273,18.10700035095215,17.601999282836914,17.18199920654297,16.815000534057617,17.085415,17.912546
3836236308859203328,149.90531845957,2.07907250755,-4.88,-11.925,20.0493,1.5794,1.037,1.07,0.6212793,0.15439576957146786,18.568,18.187,17.578,17.347,0.12882916332488775,18.6299991607666,18.191999435424805,17.399999618530273,17.343000411987305,17.429623,18.101665
3836236338924280832,149.90954379982,2.08057405307,,,20.7075,0.689293,,2.431,1.0465162,0.09946342992225884,19.193,18.78,18.176,17.72,0.07906132811812885,19.208999633789062,18.680999755859375,17.89900016784668,17.6560001373291,18.629118,19.75855
3836236373284020736,149.9330781034,2.08587716214,-15.977,-3.57,18.7701,2.24926,0.962,0.0,0.0,0.2452285989110053,16.718,16.305,15.737,15.474,0.1491156725570713,16.790000915527344,16.277999877929688,15.663999557495117,15.446999549865723,15.682686,16.18375
3836236442003501056,149.91653368936,2.09478731014,-1.579,0.16,19.9926,2.27494,0.923,0.0,0.0,0.10554543097535402,17.661,17.195,16.614,16.31,0.05680953201548775,17.722999572753906,17.19099998474121,16.586000442504883,16.27400016784668,16.631437,17.383694
3836237850752775936,149.93666439533,2.09905939048,-3.77,-4.68,20.1535,0.809242,1.048,1.322,0.81109005,0.13017922192538142,19.213,18.907,18.414,18.27,0.04544636491150027,19.145999908447266,18.88800048828125,18.309999465942383,,18.428009,19.059992
